1  hn  1  -2.5918063570  22  -1.3646552052  14  -1.5070179145  2  0.3012403587
2  poll  0  -3.0689276117  0  -3.0178677190  0  -2.9694159124  27  1.4313793501
3  ask  0  -3.0689276117  22  -1.3646552052  1  -2.4922946576  0  -3.0136796973
4  do  2  -2.3699576073  7  -1.8417764599  0  -2.9694159124  10  1.0000420808
5  be  2  -2.3699576073  7  -1.8417764599  1  -2.4922946576  7  0.8451581541
6  show  0  -3.0689276117  0  -3.0178677190  13  -1.5380521482  0  -3.0136796973
7  year  4  -2.1146851022  2  -2.3188977146  0  -2.9694159124  1  0.0004206242
8  use  2  -2.3699576073  1  -2.5407464642  0  -2.9694159124  3  0.4772615081
9  new  4  -2.1146851022  2  -2.3188977146  0  -2.9694159124  0  -3.0136796973
10  read  0  -3.0689276117  1  -2.5407464642  2  -2.2704459080  1  0.0004206242
11  resolution  0  -3.0689276117  4  -2.0636252095  0  -2.9694159124  0  -3.0136796973
12  book  1  -2.5918063570  1  -2.5407464642  1  -2.4922946576  1  0.0004206242
13  job  1  -2.5918063570  0  -3.0178677190  0  -2.9694159124  3  0.4772615081
14  application  2  -2.3699576073  0  -3.0178677190  1  -2.4922946576  1  0.0004206242
15  have  1  -2.5918063570  0  -3.0178677190  0  -2.9694159124  2  0.3012403587
16  current  0  -3.0689276117  0  -3.0178677190  0  -2.9694159124  3  0.4772615081
17  write  2  -2.3699576073  0  -3.0178677190  1  -2.4922946576  0  -3.0136796973
18  name  0  -3.0689276117  3  -2.1727696789  0  -2.9694159124  0  -3.0136796973
19  apps  1  -2.5918063570  1  -2.5407464642  1  -2.4922946576  0  -3.0136796973
20  make  2  -2.3699576073  1  -2.5407464642  0  -2.9694159124  0  -3.0136796973
21  mobile  1  -2.5918063570  0  -3.0178677190  0  -2.9694159124  1  0.0004206242
22  blood  2  -2.3699576073  0  -3.0178677190  0  -2.9694159124  0  -3.0136796973
23  ruby  2  -2.3699576073  0  -3.0178677190  0  -2.9694159124  0  -3.0136796973
24  end  1  -2.5918063570  0  -3.0178677190  0  -2.9694159124  1  0.0004206242
25  founder  0  -3.0689276117  0  -3.0178677190  0  -2.9694159124  2  0.3012403587
26  noah  2  -2.3699576073  0  -3.0178677190  0  -2.9694159124  0  -3.0136796973
27  copyright  0  -3.0689276117  0  -3.0178677190  0  -2.9694159124  2  0.3012403587
28  domain  0  -3.0689276117  1  -2.5407464642  0  -2.9694159124  1  0.0004206242
29  javascript  0  -3.0689276117  1  -2.5407464642  0  -2.9694159124  1  0.0004206242
30  news  2  -2.3699576073  0  -3.0178677190  0  -2.9694159124  0  -3.0136796973
31  apple  1  -2.5918063570  0  -3.0178677190  0  -2.9694159124  1  0.0004206242
32  type  2  -2.3699576073  0  -3.0178677190  0  -2.9694159124  0  -3.0136796973
33  conflict  0  -3.0689276117  0  -3.0178677190  2  -2.2704459080  0  -3.0136796973
34  support  0  -3.0689276117  0  -3.0178677190  0  -2.9694159124  2  0.3012403587
35  resource  0  -3.0689276117  1  -2.5407464642  1  -2.4922946576  0  -3.0136796973
36  quality  2  -2.3699576073  0  -3.0178677190  0  -2.9694159124  0  -3.0136796973
37  express  2  -2.3699576073  0  -3.0178677190  0  -2.9694159124  0  -3.0136796973
38  project  0  -3.0689276117  0  -3.0178677190  1  -2.4922946576  1  0.0004206242
39  learn  0  -3.0689276117  2  -2.3188977146  0  -2.9694159124  0  -3.0136796973
40  tax  0  -3.0689276117  0  -3.0178677190  0  -2.9694159124  2  0.3012403587
41  business  0  -3.0689276117  1  -2.5407464642  0  -2.9694159124  1  0.0004206242
42  patch  1  -2.5918063570  0  -3.0178677190  0  -2.9694159124  1  0.0004206242
43  best  1  -2.5918063570  0  -3.0178677190  0  -2.9694159124  1  0.0004206242
44  amazon  2  -2.3699576073  0  -3.0178677190  0  -2.9694159124  0  -3.0136796973
45  framework  0  -3.0689276117  1  -2.5407464642  0  -2.9694159124  1  0.0004206242
46  i  0  -3.0689276117  2  -2.3188977146  0  -2.9694159124  0  -3.0136796973
47  cryptocurrencies  0  -3.0689276117  1  -2.5407464642  0  -2.9694159124  1  0.0004206242
48  demo  1  -2.5918063570  1  -2.5407464642  0  -2.9694159124  0  -3.0136796973
49  real  0  -3.0689276117  0  -3.0178677190  2  -2.2704459080  0  -3.0136796973
50  work  1  -2.5918063570  1  -2.5407464642  0  -2.9694159124  0  -3.0136796973
51  stop  2  -2.3699576073  0  -3.0178677190  0  -2.9694159124  0  -3.0136796973
52  middleware  2  -2.3699576073  0  -3.0178677190  0  -2.9694159124  0  -3.0136796973
53  community  2  -2.3699576073  0  -3.0178677190  0  -2.9694159124  0  -3.0136796973
54  join  0  -3.0689276117  1  -2.5407464642  0  -2.9694159124  1  0.0004206242
55  want  1  -2.5918063570  1  -2.5407464642  0  -2.9694159124  0  -3.0136796973
56  trend  0  -3.0689276117  1  -2.5407464642  1  -2.4922946576  0  -3.0136796973
57  find  1  -2.5918063570  0  -3.0178677190  0  -2.9694159124  1  0.0004206242
58  developer  0  -3.0689276117  0  -3.0178677190  1  -2.4922946576  1  0.0004206242
59  s  1  -2.5918063570  0  -3.0178677190  0  -2.9694159124  1  0.0004206242
60  teach  1  -2.5918063570  1  -2.5407464642  0  -2.9694159124  0  -3.0136796973
61  know  0  -3.0689276117  0  -3.0178677190  0  -2.9694159124  2  0.3012403587
62  fix  0  -3.0689276117  0  -3.0178677190  2  -2.2704459080  0  -3.0136796973
63  time  1  -2.5918063570  0  -3.0178677190  1  -2.4922946576  0  -3.0136796973
64  iota  1  -2.5918063570  1  -2.5407464642  0  -2.9694159124  0  -3.0136796973
65  self-assembly  1  -2.5918063570  0  -3.0178677190  0  -2.9694159124  0  -3.0136796973
66  network  1  -2.5918063570  0  -3.0178677190  0  -2.9694159124  0  -3.0136796973
67  tech-related  0  -3.0689276117  1  -2.5407464642  0  -2.9694159124  0  -3.0136796973
68  technique  1  -2.5918063570  0  -3.0178677190  0  -2.9694159124  0  -3.0136796973
69  technical  0  -3.0689276117  1  -2.5407464642  0  -2.9694159124  0  -3.0136796973
70  future  0  -3.0689276117  0  -3.0178677190  0  -2.9694159124  1  0.0004206242
71  solution  0  -3.0689276117  1  -2.5407464642  0  -2.9694159124  0  -3.0136796973
72  redox  1  -2.5918063570  0  -3.0178677190  0  -2.9694159124  0  -3.0136796973
73  brand  0  -3.0689276117  1  -2.5407464642  0  -2.9694159124  0  -3.0136796973
74  on-course  0  -3.0689276117  0  -3.0178677190  0  -2.9694159124  1  0.0004206242
75  market  0  -3.0689276117  1  -2.5407464642  0  -2.9694159124  0  -3.0136796973
76  c++  0  -3.0689276117  0  -3.0178677190  1  -2.4922946576  0  -3.0136796973
77  air  1  -2.5918063570  0  -3.0178677190  0  -2.9694159124  0  -3.0136796973
78  linux  1  -2.5918063570  0  -3.0178677190  0  -2.9694159124  0  -3.0136796973
79  improve  0  -3.0689276117  1  -2.5407464642  0  -2.9694159124  0  -3.0136796973
80  uv  0  -3.0689276117  0  -3.0178677190  1  -2.4922946576  0  -3.0136796973
81  isp  1  -2.5918063570  0  -3.0178677190  0  -2.9694159124  0  -3.0136796973
82  lessons  0  -3.0689276117  1  -2.5407464642  0  -2.9694159124  0  -3.0136796973
83  submission  0  -3.0689276117  0  -3.0178677190  0  -2.9694159124  1  0.0004206242
84  next  0  -3.0689276117  0  -3.0178677190  0  -2.9694159124  1  0.0004206242
85  ve  0  -3.0689276117  0  -3.0178677190  0  -2.9694159124  1  0.0004206242
86  block  1  -2.5918063570  0  -3.0178677190  0  -2.9694159124  0  -3.0136796973
87  ugly  0  -3.0689276117  1  -2.5407464642  0  -2.9694159124  0  -3.0136796973
88  12-year-old  0  -3.0689276117  0  -3.0178677190  1  -2.4922946576  0  -3.0136796973
89  simple  0  -3.0689276117  0  -3.0178677190  1  -2.4922946576  0  -3.0136796973
90  insolvent  1  -2.5918063570  0  -3.0178677190  0  -2.9694159124  0  -3.0136796973
91  coinbase  1  -2.5918063570  0  -3.0178677190  0  -2.9694159124  0  -3.0136796973
92  sugar  1  -2.5918063570  0  -3.0178677190  0  -2.9694159124  0  -3.0136796973
93  rather  0  -3.0689276117  0  -3.0178677190  0  -2.9694159124  1  0.0004206242
94  bot  0  -3.0689276117  0  -3.0178677190  1  -2.4922946576  0  -3.0136796973
95  week  1  -2.5918063570  0  -3.0178677190  0  -2.9694159124  0  -3.0136796973
96  recognition  1  -2.5918063570  0  -3.0178677190  0  -2.9694159124  0  -3.0136796973
97  rippletick  0  -3.0689276117  0  -3.0178677190  1  -2.4922946576  0  -3.0136796973
98  mysterious  1  -2.5918063570  0  -3.0178677190  0  -2.9694159124  0  -3.0136796973
99  begin  1  -2.5918063570  0  -3.0178677190  0  -2.9694159124  0  -3.0136796973
100  victimhood culture  1  -2.5918063570  0  -3.0178677190  0  -2.9694159124  0  -3.0136796973
101  first-time  0  -3.0689276117  0  -3.0178677190  0  -2.9694159124  1  0.0004206242
102  fossil haul  1  -2.5918063570  0  -3.0178677190  0  -2.9694159124  0  -3.0136796973
103  room  0  -3.0689276117  1  -2.5407464642  0  -2.9694159124  0  -3.0136796973
104  digital  0  -3.0689276117  0  -3.0178677190  0  -2.9694159124  1  0.0004206242
105  system  0  -3.0689276117  0  -3.0178677190  0  -2.9694159124  1  0.0004206242
106  language  1  -2.5918063570  0  -3.0178677190  0  -2.9694159124  0  -3.0136796973
107  alternative  0  -3.0689276117  0  -3.0178677190  0  -2.9694159124  1  0.0004206242
108  comeback  1  -2.5918063570  0  -3.0178677190  0  -2.9694159124  0  -3.0136796973
109  succeed  0  -3.0689276117  1  -2.5407464642  0  -2.9694159124  0  -3.0136796973
110  china  1  -2.5918063570  0  -3.0178677190  0  -2.9694159124  0  -3.0136796973
111  speech recognition  1  -2.5918063570  0  -3.0178677190  0  -2.9694159124  0  -3.0136796973
112  happy  1  -2.5918063570  0  -3.0178677190  0  -2.9694159124  0  -3.0136796973
113  global  1  -2.5918063570  0  -3.0178677190  0  -2.9694159124  0  -3.0136796973
114  pterosaur  1  -2.5918063570  0  -3.0178677190  0  -2.9694159124  0  -3.0136796973
115  blockchain  1  -2.5918063570  0  -3.0178677190  0  -2.9694159124  0  -3.0136796973
116  tuple  0  -3.0689276117  0  -3.0178677190  0  -2.9694159124  1  0.0004206242
117  oil production  1  -2.5918063570  0  -3.0178677190  0  -2.9694159124  0  -3.0136796973
118  petition  0  -3.0689276117  0  -3.0178677190  0  -2.9694159124  1  0.0004206242
119  harp  1  -2.5918063570  0  -3.0178677190  0  -2.9694159124  0  -3.0136796973
120  computer science  0  -3.0689276117  1  -2.5407464642  0  -2.9694159124  0  -3.0136796973
121  united states  1  -2.5918063570  0  -3.0178677190  0  -2.9694159124  0  -3.0136796973
122  user  1  -2.5918063570  0  -3.0178677190  0  -2.9694159124  0  -3.0136796973
123  cap  1  -2.5918063570  0  -3.0178677190  0  -2.9694159124  0  -3.0136796973
124  corruption  1  -2.5918063570  0  -3.0178677190  0  -2.9694159124  0  -3.0136796973
125  last  0  -3.0689276117  1  -2.5407464642  0  -2.9694159124  0  -3.0136796973
126  foot  1  -2.5918063570  0  -3.0178677190  0  -2.9694159124  0  -3.0136796973
127  cixl  1  -2.5918063570  0  -3.0178677190  0  -2.9694159124  0  -3.0136796973
128  recommend  0  -3.0689276117  0  -3.0178677190  0  -2.9694159124  1  0.0004206242
129  supply chain  1  -2.5918063570  0  -3.0178677190  0  -2.9694159124  0  -3.0136796973
130  controversial therapy  1  -2.5918063570  0  -3.0178677190  0  -2.9694159124  0  -3.0136796973
131  paper  0  -3.0689276117  0  -3.0178677190  0  -2.9694159124  1  0.0004206242
132  calculator  0  -3.0689276117  0  -3.0178677190  1  -2.4922946576  0  -3.0136796973
133  facebook  0  -3.0689276117  0  -3.0178677190  0  -2.9694159124  1  0.0004206242
134  stake  0  -3.0689276117  1  -2.5407464642  0  -2.9694159124  0  -3.0136796973
135  attention  0  -3.0689276117  1  -2.5407464642  0  -2.9694159124  0  -3.0136796973
136  complexity  1  -2.5918063570  0  -3.0178677190  0  -2.9694159124  0  -3.0136796973
137  remove  1  -2.5918063570  0  -3.0178677190  0  -2.9694159124  0  -3.0136796973
138  vs.  0  -3.0689276117  0  -3.0178677190  0  -2.9694159124  1  0.0004206242
139  office  0  -3.0689276117  0  -3.0178677190  0  -2.9694159124  1  0.0004206242
140  celebrate  1  -2.5918063570  0  -3.0178677190  0  -2.9694159124  0  -3.0136796973
141  protester  1  -2.5918063570  0  -3.0178677190  0  -2.9694159124  0  -3.0136796973
142  age  0  -3.0689276117  0  -3.0178677190  0  -2.9694159124  1  0.0004206242
143  probability  1  -2.5918063570  0  -3.0178677190  0  -2.9694159124  0  -3.0136796973
144  smartphone  0  -3.0689276117  0  -3.0178677190  0  -2.9694159124  1  0.0004206242
145  up  1  -2.5918063570  0  -3.0178677190  0  -2.9694159124  0  -3.0136796973
146  change  0  -3.0689276117  1  -2.5407464642  0  -2.9694159124  0  -3.0136796973
147  group chat  0  -3.0689276117  0  -3.0178677190  0  -2.9694159124  1  0.0004206242
148  hobby  0  -3.0689276117  0  -3.0178677190  0  -2.9694159124  1  0.0004206242
149  break  1  -2.5918063570  0  -3.0178677190  0  -2.9694159124  0  -3.0136796973
150  depth psychology  1  -2.5918063570  0  -3.0178677190  0  -2.9694159124  0  -3.0136796973
151  case  1  -2.5918063570  0  -3.0178677190  0  -2.9694159124  0  -3.0136796973
152  breakthrough  1  -2.5918063570  0  -3.0178677190  0  -2.9694159124  0  -3.0136796973
153  death  1  -2.5918063570  0  -3.0178677190  0  -2.9694159124  0  -3.0136796973
154  threat  1  -2.5918063570  0  -3.0178677190  0  -2.9694159124  0  -3.0136796973
155  glass  1  -2.5918063570  0  -3.0178677190  0  -2.9694159124  0  -3.0136796973
156  come  1  -2.5918063570  0  -3.0178677190  0  -2.9694159124  0  -3.0136796973
157  invest  0  -3.0689276117  1  -2.5407464642  0  -2.9694159124  0  -3.0136796973
158  foundation  1  -2.5918063570  0  -3.0178677190  0  -2.9694159124  0  -3.0136796973
159  cryptocoin  0  -3.0689276117  0  -3.0178677190  0  -2.9694159124  1  0.0004206242
160  boom  1  -2.5918063570  0  -3.0178677190  0  -2.9694159124  0  -3.0136796973
161  recommendation  0  -3.0689276117  1  -2.5407464642  0  -2.9694159124  0  -3.0136796973
162  online  1  -2.5918063570  0  -3.0178677190  0  -2.9694159124  0  -3.0136796973
163  script  1  -2.5918063570  0  -3.0178677190  0  -2.9694159124  0  -3.0136796973
164  merge  0  -3.0689276117  0  -3.0178677190  1  -2.4922946576  0  -3.0136796973
165  jan  0  -3.0689276117  1  -2.5407464642  0  -2.9694159124  0  -3.0136796973
166  price  0  -3.0689276117  0  -3.0178677190  1  -2.4922946576  0  -3.0136796973
167  startup  0  -3.0689276117  0  -3.0178677190  0  -2.9694159124  1  0.0004206242
168  land  1  -2.5918063570  0  -3.0178677190  0  -2.9694159124  0  -3.0136796973
169  move  1  -2.5918063570  0  -3.0178677190  0  -2.9694159124  0  -3.0136796973
170  cmake-based  0  -3.0689276117  0  -3.0178677190  1  -2.4922946576  0  -3.0136796973
171  primary  0  -3.0689276117  0  -3.0178677190  0  -2.9694159124  1  0.0004206242
172  fair  1  -2.5918063570  0  -3.0178677190  0  -2.9694159124  0  -3.0136796973
173  law  0  -3.0689276117  0  -3.0178677190  0  -2.9694159124  1  0.0004206242
174  control  0  -3.0689276117  1  -2.5407464642  0  -2.9694159124  0  -3.0136796973
175  quiet zone  1  -2.5918063570  0  -3.0178677190  0  -2.9694159124  0  -3.0136796973
176  terminal  1  -2.5918063570  0  -3.0178677190  0  -2.9694159124  0  -3.0136796973
177  deploy  0  -3.0689276117  1  -2.5407464642  0  -2.9694159124  0  -3.0136796973
178  protest  1  -2.5918063570  0  -3.0178677190  0  -2.9694159124  0  -3.0136796973
179  principle  0  -3.0689276117  0  -3.0178677190  1  -2.4922946576  0  -3.0136796973
180  willing  0  -3.0689276117  0  -3.0178677190  0  -2.9694159124  1  0.0004206242
181  note  0  -3.0689276117  0  -3.0178677190  1  -2.4922946576  0  -3.0136796973
182  eventhub client  0  -3.0689276117  0  -3.0178677190  1  -2.4922946576  0  -3.0136796973
183  explicitly  0  -3.0689276117  0  -3.0178677190  0  -2.9694159124  1  0.0004206242
184  degree  0  -3.0689276117  1  -2.5407464642  0  -2.9694159124  0  -3.0136796973
185  template  0  -3.0689276117  0  -3.0178677190  1  -2.4922946576  0  -3.0136796973
186  detect  0  -3.0689276117  0  -3.0178677190  1  -2.4922946576  0  -3.0136796973
187  body  1  -2.5918063570  0  -3.0178677190  0  -2.9694159124  0  -3.0136796973
188  non-profit  0  -3.0689276117  1  -2.5407464642  0  -2.9694159124  0  -3.0136796973
189  moon  1  -2.5918063570  0  -3.0178677190  0  -2.9694159124  0  -3.0136796973
190  flywheel  1  -2.5918063570  0  -3.0178677190  0  -2.9694159124  0  -3.0136796973
191  accomplish  0  -3.0689276117  1  -2.5407464642  0  -2.9694159124  0  -3.0136796973
192  old  0  -3.0689276117  0  -3.0178677190  0  -2.9694159124  1  0.0004206242
193  egg  1  -2.5918063570  0  -3.0178677190  0  -2.9694159124  0  -3.0136796973
194  meltdown  0  -3.0689276117  0  -3.0178677190  0  -2.9694159124  1  0.0004206242
195  national radio  1  -2.5918063570  0  -3.0178677190  0  -2.9694159124  0  -3.0136796973
196  judge  1  -2.5918063570  0  -3.0178677190  0  -2.9694159124  0  -3.0136796973
197  arbitrage  0  -3.0689276117  0  -3.0178677190  1  -2.4922946576  0  -3.0136796973
198  list  1  -2.5918063570  0  -3.0178677190  0  -2.9694159124  0  -3.0136796973
199  cppbase  0  -3.0689276117  0  -3.0178677190  1  -2.4922946576  0  -3.0136796973
200  organize  0  -3.0689276117  0  -3.0178677190  1  -2.4922946576  0  -3.0136796973
201  listen  0  -3.0689276117  1  -2.5407464642  0  -2.9694159124  0  -3.0136796973
202  sec  1  -2.5918063570  0  -3.0178677190  0  -2.9694159124  0  -3.0136796973
203  harassment  1  -2.5918063570  0  -3.0178677190  0  -2.9694159124  0  -3.0136796973
204  decentralize  1  -2.5918063570  0  -3.0178677190  0  -2.9694159124  0  -3.0136796973
205  philippine  1  -2.5918063570  0  -3.0178677190  0  -2.9694159124  0  -3.0136796973
206  router  1  -2.5918063570  0  -3.0178677190  0  -2.9694159124  0  -3.0136796973
207  require  0  -3.0689276117  1  -2.5407464642  0  -2.9694159124  0  -3.0136796973
208  level  1  -2.5918063570  0  -3.0178677190  0  -2.9694159124  0  -3.0136796973
209  obtain  1  -2.5918063570  0  -3.0178677190  0  -2.9694159124  0  -3.0136796973
210  community-curated  0  -3.0689276117  0  -3.0178677190  1  -2.4922946576  0  -3.0136796973
211  group  0  -3.0689276117  0  -3.0178677190  0  -2.9694159124  1  0.0004206242
212  pronounce  0  -3.0689276117  0  -3.0178677190  0  -2.9694159124  1  0.0004206242
213  development  0  -3.0689276117  1  -2.5407464642  0  -2.9694159124  0  -3.0136796973
214  proof  0  -3.0689276117  1  -2.5407464642  0  -2.9694159124  0  -3.0136796973
215  bsp  1  -2.5918063570  0  -3.0178677190  0  -2.9694159124  0  -3.0136796973
216  own  1  -2.5918063570  0  -3.0178677190  0  -2.9694159124  0  -3.0136796973
217  board  1  -2.5918063570  0  -3.0178677190  0  -2.9694159124  0  -3.0136796973
218  volcanic  1  -2.5918063570  0  -3.0178677190  0  -2.9694159124  0  -3.0136796973
219  chatroom  1  -2.5918063570  0  -3.0178677190  0  -2.9694159124  0  -3.0136796973
220  site  1  -2.5918063570  0  -3.0178677190  0  -2.9694159124  0  -3.0136796973
221  twitter  1  -2.5918063570  0  -3.0178677190  0  -2.9694159124  0  -3.0136796973
222  yc  0  -3.0689276117  0  -3.0178677190  0  -2.9694159124  1  0.0004206242
223  version  0  -3.0689276117  1  -2.5407464642  0  -2.9694159124  0  -3.0136796973
224  bittrex  0  -3.0689276117  0  -3.0178677190  1  -2.4922946576  0  -3.0136796973
225  toshi  1  -2.5918063570  0  -3.0178677190  0  -2.9694159124  0  -3.0136796973
226  end speech  1  -2.5918063570  0  -3.0178677190  0  -2.9694159124  0  -3.0136796973
227  podcasts  0  -3.0689276117  1  -2.5407464642  0  -2.9694159124  0  -3.0136796973
228  part  1  -2.5918063570  0  -3.0178677190  0  -2.9694159124  0  -3.0136796973
229  shop  1  -2.5918063570  0  -3.0178677190  0  -2.9694159124  0  -3.0136796973
230  fight  1  -2.5918063570  0  -3.0178677190  0  -2.9694159124  0  -3.0136796973
231  embody  1  -2.5918063570  0  -3.0178677190  0  -2.9694159124  0  -3.0136796973
232  container-based  0  -3.0689276117  0  -3.0178677190  1  -2.4922946576  0  -3.0136796973
233  cad  0  -3.0689276117  1  -2.5407464642  0  -2.9694159124  0  -3.0136796973
234  achieve  0  -3.0689276117  0  -3.0178677190  0  -2.9694159124  1  0.0004206242
235  lead  1  -2.5918063570  0  -3.0178677190  0  -2.9694159124  0  -3.0136796973
236  gdax  0  -3.0689276117  0  -3.0178677190  1  -2.4922946576  0  -3.0136796973
237  great  0  -3.0689276117  0  -3.0178677190  1  -2.4922946576  0  -3.0136796973
238  rest api  0  -3.0689276117  0  -3.0178677190  1  -2.4922946576  0  -3.0136796973
239  tool  1  -2.5918063570  0  -3.0178677190  0  -2.9694159124  0  -3.0136796973
240  national  1  -2.5918063570  0  -3.0178677190  0  -2.9694159124  0  -3.0136796973
241  bitcoin  0  -3.0689276117  0  -3.0178677190  1  -2.4922946576  0  -3.0136796973
242  scalable python  0  -3.0689276117  0  -3.0178677190  1  -2.4922946576  0  -3.0136796973
243  game  0  -3.0689276117  0  -3.0178677190  1  -2.4922946576  0  -3.0136796973
244  plan  0  -3.0689276117  1  -2.5407464642  0  -2.9694159124  0  -3.0136796973
245  command line  0  -3.0689276117  0  -3.0178677190  1  -2.4922946576  0  -3.0136796973
246  crypto-exchanges  0  -3.0689276117  0  -3.0178677190  1  -2.4922946576  0  -3.0136796973
247  open-plan  0  -3.0689276117  0  -3.0178677190  0  -2.9694159124  1  0.0004206242
248  problem  1  -2.5918063570  0  -3.0178677190  0  -2.9694159124  0  -3.0136796973
249  someone  0  -3.0689276117  1  -2.5407464642  0  -2.9694159124  0  -3.0136796973
250  sign  0  -3.0689276117  0  -3.0178677190  0  -2.9694159124  1  0.0004206242
251  prefer  0  -3.0689276117  0  -3.0178677190  0  -2.9694159124  1  0.0004206242
252  plirus  1  -2.5918063570  0  -3.0178677190  0  -2.9694159124  0  -3.0136796973
253  tiny  1  -2.5918063570  0  -3.0178677190  0  -2.9694159124  0  -3.0136796973
254  human  1  -2.5918063570  0  -3.0178677190  0  -2.9694159124  0  -3.0136796973
255  many  0  -3.0689276117  0  -3.0178677190  0  -2.9694159124  1  0.0004206242
256  police  1  -2.5918063570  0  -3.0178677190  0  -2.9694159124  0  -3.0136796973
257  simplecoin  1  -2.5918063570  0  -3.0178677190  0  -2.9694159124  0  -3.0136796973
258  m&a?  0  -3.0689276117  1  -2.5407464642  0  -2.9694159124  0  -3.0136796973
259  event  0  -3.0689276117  1  -2.5407464642  0  -2.9694159124  0  -3.0136796973
260  cpu  0  -3.0689276117  0  -3.0178677190  0  -2.9694159124  1  0.0004206242
261  trolley  1  -2.5918063570  0  -3.0178677190  0  -2.9694159124  0  -3.0136796973
262  thin air  1  -2.5918063570  0  -3.0178677190  0  -2.9694159124  0  -3.0136796973
263  ethereum network  1  -2.5918063570  0  -3.0178677190  0  -2.9694159124  0  -3.0136796973
264  brain  1  -2.5918063570  0  -3.0178677190  0  -2.9694159124  0  -3.0136796973
265  software  0  -3.0689276117  1  -2.5407464642  0  -2.9694159124  0  -3.0136796973
266  facebooks  0  -3.0689276117  1  -2.5407464642  0  -2.9694159124  0  -3.0136796973
267  airport  1  -2.5918063570  0  -3.0178677190  0  -2.9694159124  0  -3.0136796973
268  app  0  -3.0689276117  0  -3.0178677190  1  -2.4922946576  0  -3.0136796973
269  minimal  1  -2.5918063570  0  -3.0178677190  0  -2.9694159124  0  -3.0136796973
270  winter  1  -2.5918063570  0  -3.0178677190  0  -2.9694159124  0  -3.0136796973
271  hackernewsjobs  0  -3.0689276117  0  -3.0178677190  1  -2.4922946576  0  -3.0136796973
272  important  1  -2.5918063570  0  -3.0178677190  0  -2.9694159124  0  -3.0136796973
273  short-term  0  -3.0689276117  0  -3.0178677190  1  -2.4922946576  0  -3.0136796973
274  scientific  1  -2.5918063570  0  -3.0178677190  0  -2.9694159124  0  -3.0136796973
275  call  1  -2.5918063570  0  -3.0178677190  0  -2.9694159124  0  -3.0136796973
276  design  0  -3.0689276117  0  -3.0178677190  1  -2.4922946576  0  -3.0136796973
277  deep learning  0  -3.0689276117  0  -3.0178677190  0  -2.9694159124  1  0.0004206242
278  provider  0  -3.0689276117  1  -2.5407464642  0  -2.9694159124  0  -3.0136796973
279  discord  1  -2.5918063570  0  -3.0178677190  0  -2.9694159124  0  -3.0136796973
280  set  0  -3.0689276117  0  -3.0178677190  0  -2.9694159124  1  0.0004206242
281  file  0  -3.0689276117  1  -2.5407464642  0  -2.9694159124  0  -3.0136796973
282  photo  1  -2.5918063570  0  -3.0178677190  0  -2.9694159124  0  -3.0136796973
283  enjoy  1  -2.5918063570  0  -3.0178677190  0  -2.9694159124  0  -3.0136796973
284  explain  0  -3.0689276117  1  -2.5407464642  0  -2.9694159124  0  -3.0136796973
285  specific  1  -2.5918063570  0  -3.0178677190  0  -2.9694159124  0  -3.0136796973
286  decision  0  -3.0689276117  1  -2.5407464642  0  -2.9694159124  0  -3.0136796973
287  spread  1  -2.5918063570  0  -3.0178677190  0  -2.9694159124  0  -3.0136796973
288  view  0  -3.0689276117  0  -3.0178677190  0  -2.9694159124  1  0.0004206242
289  daughter  0  -3.0689276117  0  -3.0178677190  1  -2.4922946576  0  -3.0136796973
290  analogy  0  -3.0689276117  1  -2.5407464642  0  -2.9694159124  0  -3.0136796973
291  repository  0  -3.0689276117  0  -3.0178677190  1  -2.4922946576  0  -3.0136796973
292  remember  0  -3.0689276117  1  -2.5407464642  0  -2.9694159124  0  -3.0136796973
293  dapp browser  1  -2.5918063570  0  -3.0178677190  0  -2.9694159124  0  -3.0136796973
294  quantum  1  -2.5918063570  0  -3.0178677190  0  -2.9694159124  0  -3.0136796973
295  record-breaking  1  -2.5918063570  0  -3.0178677190  0  -2.9694159124  0  -3.0136796973
296  coin  1  -2.5918063570  0  -3.0178677190  0  -2.9694159124  0  -3.0136796973
297  dna  1  -2.5918063570  0  -3.0178677190  0  -2.9694159124  0  -3.0136796973
298  supermarket  1  -2.5918063570  0  -3.0178677190  0  -2.9694159124  0  -3.0136796973
299  feature  0  -3.0689276117  1  -2.5407464642  0  -2.9694159124  0  -3.0136796973
300  custom  1  -2.5918063570  0  -3.0178677190  0  -2.9694159124  0  -3.0136796973
301  rare  1  -2.5918063570  0  -3.0178677190  0  -2.9694159124  0  -3.0136796973
302  psychosis  1  -2.5918063570  0  -3.0178677190  0  -2.9694159124  0  -3.0136796973
303  learning  0  -3.0689276117  0  -3.0178677190  1  -2.4922946576  0  -3.0136796973
304  page  1  -2.5918063570  0  -3.0178677190  0  -2.9694159124  0  -3.0136796973
305  [video]  1  -2.5918063570  0  -3.0178677190  0  -2.9694159124  0  -3.0136796973
306  pray  0  -3.0689276117  0  -3.0178677190  1  -2.4922946576  0  -3.0136796973
307  increase  0  -3.0689276117  0  -3.0178677190  0  -2.9694159124  1  0.0004206242
308  get  0  -3.0689276117  0  -3.0178677190  0  -2.9694159124  1  0.0004206242
309  berlin  0  -3.0689276117  1  -2.5407464642  0  -2.9694159124  0  -3.0136796973
310  operating  0  -3.0689276117  0  -3.0178677190  0  -2.9694159124  1  0.0004206242
311  span  0  -3.0689276117  1  -2.5407464642  0  -2.9694159124  0  -3.0136796973
312  machine learning  1  -2.5918063570  0  -3.0178677190  0  -2.9694159124  0  -3.0136796973
313  interactive web  0  -3.0689276117  1  -2.5407464642  0  -2.9694159124  0  -3.0136796973
314  table isolation  1  -2.5918063570  0  -3.0178677190  0  -2.9694159124  0  -3.0136796973
315  commute  0  -3.0689276117  0  -3.0178677190  0  -2.9694159124  1  0.0004206242
316  target  0  -3.0689276117  0  -3.0178677190  0  -2.9694159124  1  0.0004206242
317  blog  1  -2.5918063570  0  -3.0178677190  0  -2.9694159124  0  -3.0136796973
318  radio quiet  1  -2.5918063570  0  -3.0178677190  0  -2.9694159124  0  -3.0136796973
319  time ripple  0  -3.0689276117  0  -3.0178677190  1  -2.4922946576  0  -3.0136796973
320  kraken  0  -3.0689276117  0  -3.0178677190  1  -2.4922946576  0  -3.0136796973
321  currently  0  -3.0689276117  0  -3.0178677190  0  -2.9694159124  1  0.0004206242
322  pay  0  -3.0689276117  0  -3.0178677190  0  -2.9694159124  1  0.0004206242
323  let  1  -2.5918063570  0  -3.0178677190  0  -2.9694159124  0  -3.0136796973
324  encryption  1  -2.5918063570  0  -3.0178677190  0  -2.9694159124  0  -3.0136796973
325  tell  1  -2.5918063570  0  -3.0178677190  0  -2.9694159124  0  -3.0136796973
326  far  1  -2.5918063570  0  -3.0178677190  0  -2.9694159124  0  -3.0136796973
327  top  1  -2.5918063570  0  -3.0178677190  0  -2.9694159124  0  -3.0136796973
328  now  1  -2.5918063570  0  -3.0178677190  0  -2.9694159124  0  -3.0136796973
329  beijing  1  -2.5918063570  0  -3.0178677190  0  -2.9694159124  0  -3.0136796973
330  jumbo  1  -2.5918063570  0  -3.0178677190  0  -2.9694159124  0  -3.0136796973
331  cook  0  -3.0689276117  1  -2.5407464642  0  -2.9694159124  0  -3.0136796973
332  decently  1  -2.5918063570  0  -3.0178677190  0  -2.9694159124  0  -3.0136796973
333  laptop  0  -3.0689276117  0  -3.0178677190  0  -2.9694159124  1  0.0004206242
334  social media  1  -2.5918063570  0  -3.0178677190  0  -2.9694159124  0  -3.0136796973
335  store  1  -2.5918063570  0  -3.0178677190  0  -2.9694159124  0  -3.0136796973
336  voting  0  -3.0689276117  0  -3.0178677190  0  -2.9694159124  1  0.0004206242
337  friend  0  -3.0689276117  0  -3.0178677190  0  -2.9694159124  1  0.0004206242
338  b  0  -3.0689276117  0  -3.0178677190  0  -2.9694159124  1  0.0004206242
339  everyday  0  -3.0689276117  0  -3.0178677190  1  -2.4922946576  0  -3.0136796973
340  faster  1  -2.5918063570  0  -3.0178677190  0  -2.9694159124  0  -3.0136796973
341  hacker  1  -2.5918063570  0  -3.0178677190  0  -2.9694159124  0  -3.0136796973
342  video  0  -3.0689276117  0  -3.0178677190  0  -2.9694159124  1  0.0004206242
343  iran  1  -2.5918063570  0  -3.0178677190  0  -2.9694159124  0  -3.0136796973
344  possible  0  -3.0689276117  1  -2.5407464642  0  -2.9694159124  0  -3.0136796973
345  side  1  -2.5918063570  0  -3.0178677190  0  -2.9694159124  0  -3.0136796973
346  due diligence  0  -3.0689276117  1  -2.5407464642  0  -2.9694159124  0  -3.0136796973
347  scale  1  -2.5918063570  0  -3.0178677190  0  -2.9694159124  0  -3.0136796973
348  not  1  -2.5918063570  0  -3.0178677190  0  -2.9694159124  0  -3.0136796973
349  authorize  1  -2.5918063570  0  -3.0178677190  0  -2.9694159124  0  -3.0136796973
350  self-teleportation  1  -2.5918063570  0  -3.0178677190  0  -2.9694159124  0  -3.0136796973
351  limit  0  -3.0689276117  1  -2.5407464642  0  -2.9694159124  0  -3.0136796973
352  bible  0  -3.0689276117  0  -3.0178677190  1  -2.4922946576  0  -3.0136796973
353  start  1  -2.5918063570  0  -3.0178677190  0  -2.9694159124  0  -3.0136796973
354  employer  0  -3.0689276117  1  -2.5407464642  0  -2.9694159124  0  -3.0136796973
355  hundred  1  -2.5918063570  0  -3.0178677190  0  -2.9694159124  0  -3.0136796973
356  solve  1  -2.5918063570  0  -3.0178677190  0  -2.9694159124  0  -3.0136796973
357  index  0  -3.0689276117  0  -3.0178677190  1  -2.4922946576  0  -3.0136796973
358  binance  0  -3.0689276117  0  -3.0178677190  1  -2.4922946576  0  -3.0136796973
359  weird  1  -2.5918063570  0  -3.0178677190  0  -2.9694159124  0  -3.0136796973
360  desktop  0  -3.0689276117  0  -3.0178677190  0  -2.9694159124  1  0.0004206242
361  really  0  -3.0689276117  1  -2.5407464642  0  -2.9694159124  0  -3.0136796973
362  xrp  0  -3.0689276117  0  -3.0178677190  1  -2.4922946576  0  -3.0136796973
363  web demo  0  -3.0689276117  1  -2.5407464642  0  -2.9694159124  0  -3.0136796973
364  employee  0  -3.0689276117  0  -3.0178677190  0  -2.9694159124  1  0.0004206242
365  perform  0  -3.0689276117  1  -2.5407464642  0  -2.9694159124  0  -3.0136796973
366  hire  0  -3.0689276117  0  -3.0178677190  1  -2.4922946576  0  -3.0136796973
367  people  1  -2.5918063570  0  -3.0178677190  0  -2.9694159124  0  -3.0136796973
368  registrars  0  -3.0689276117  1  -2.5407464642  0  -2.9694159124  0  -3.0136796973
369  consult  0  -3.0689276117  1  -2.5407464642  0  -2.9694159124  0  -3.0136796973
370  athena  0  -3.0689276117  0  -3.0178677190  1  -2.4922946576  0  -3.0136796973
371  pseudoscience  1  -2.5918063570  0  -3.0178677190  0  -2.9694159124  0  -3.0136796973
372  top-level  0  -3.0689276117  0  -3.0178677190  0  -2.9694159124  1  0.0004206242
373  most  1  -2.5918063570  0  -3.0178677190  0  -2.9694159124  0  -3.0136796973
374  ash  1  -2.5918063570  0  -3.0178677190  0  -2.9694159124  0  -3.0136796973
