1  hn  1  -2.5835765856  22  -1.3553876580  14  -1.4966433944  2  0.3012449397
2  poll  0  -3.0606978404  0  -3.0086001718  0  -2.9590413923  27  1.4313796896
3  ask  0  -3.0606978404  22  -1.3553876580  1  -2.4819201376  0  -3.0043213738
4  show  0  -3.0606978404  0  -3.0086001718  13  -1.5276776282  0  -3.0043213738
5  year  4  -2.1064553309  2  -2.3096301674  0  -2.9590413923  1  0.0004297818
6  use  2  -2.3617278360  1  -2.5314789170  0  -2.9590413923  3  0.4772645626
7  new  4  -2.1064553309  2  -2.3096301674  0  -2.9590413923  0  -3.0043213738
8  read  0  -3.0606978404  1  -2.5314789170  2  -2.2600713880  1  0.0004297818
9  resolution  0  -3.0606978404  4  -2.0543576623  0  -2.9590413923  0  -3.0043213738
10  book  1  -2.5835765856  1  -2.5314789170  1  -2.4819201376  1  0.0004297818
11  job  1  -2.5835765856  0  -3.0086001718  0  -2.9590413923  3  0.4772645626
12  application  2  -2.3617278360  0  -3.0086001718  1  -2.4819201376  1  0.0004297818
13  current  0  -3.0606978404  0  -3.0086001718  0  -2.9590413923  3  0.4772645626
14  write  2  -2.3617278360  0  -3.0086001718  1  -2.4819201376  0  -3.0043213738
15  name  0  -3.0606978404  3  -2.1635021317  0  -2.9590413923  0  -3.0043213738
16  apps  1  -2.5835765856  1  -2.5314789170  1  -2.4819201376  0  -3.0043213738
17  make  2  -2.3617278360  1  -2.5314789170  0  -2.9590413923  0  -3.0043213738
18  mobile  1  -2.5835765856  0  -3.0086001718  0  -2.9590413923  1  0.0004297818
19  blood  2  -2.3617278360  0  -3.0086001718  0  -2.9590413923  0  -3.0043213738
20  ruby  2  -2.3617278360  0  -3.0086001718  0  -2.9590413923  0  -3.0043213738
21  end  1  -2.5835765856  0  -3.0086001718  0  -2.9590413923  1  0.0004297818
22  founder  0  -3.0606978404  0  -3.0086001718  0  -2.9590413923  2  0.3012449397
23  noah  2  -2.3617278360  0  -3.0086001718  0  -2.9590413923  0  -3.0043213738
24  copyright  0  -3.0606978404  0  -3.0086001718  0  -2.9590413923  2  0.3012449397
25  domain  0  -3.0606978404  1  -2.5314789170  0  -2.9590413923  1  0.0004297818
26  javascript  0  -3.0606978404  1  -2.5314789170  0  -2.9590413923  1  0.0004297818
27  news  2  -2.3617278360  0  -3.0086001718  0  -2.9590413923  0  -3.0043213738
28  apple  1  -2.5835765856  0  -3.0086001718  0  -2.9590413923  1  0.0004297818
29  type  2  -2.3617278360  0  -3.0086001718  0  -2.9590413923  0  -3.0043213738
30  conflict  0  -3.0606978404  0  -3.0086001718  2  -2.2600713880  0  -3.0043213738
31  support  0  -3.0606978404  0  -3.0086001718  0  -2.9590413923  2  0.3012449397
32  resource  0  -3.0606978404  1  -2.5314789170  1  -2.4819201376  0  -3.0043213738
33  quality  2  -2.3617278360  0  -3.0086001718  0  -2.9590413923  0  -3.0043213738
34  express  2  -2.3617278360  0  -3.0086001718  0  -2.9590413923  0  -3.0043213738
35  project  0  -3.0606978404  0  -3.0086001718  1  -2.4819201376  1  0.0004297818
36  learn  0  -3.0606978404  2  -2.3096301674  0  -2.9590413923  0  -3.0043213738
37  tax  0  -3.0606978404  0  -3.0086001718  0  -2.9590413923  2  0.3012449397
38  business  0  -3.0606978404  1  -2.5314789170  0  -2.9590413923  1  0.0004297818
39  patch  1  -2.5835765856  0  -3.0086001718  0  -2.9590413923  1  0.0004297818
40  best  1  -2.5835765856  0  -3.0086001718  0  -2.9590413923  1  0.0004297818
41  amazon  2  -2.3617278360  0  -3.0086001718  0  -2.9590413923  0  -3.0043213738
42  framework  0  -3.0606978404  1  -2.5314789170  0  -2.9590413923  1  0.0004297818
43  cryptocurrencies  0  -3.0606978404  1  -2.5314789170  0  -2.9590413923  1  0.0004297818
44  demo  1  -2.5835765856  1  -2.5314789170  0  -2.9590413923  0  -3.0043213738
45  real  0  -3.0606978404  0  -3.0086001718  2  -2.2600713880  0  -3.0043213738
46  work  1  -2.5835765856  1  -2.5314789170  0  -2.9590413923  0  -3.0043213738
47  stop  2  -2.3617278360  0  -3.0086001718  0  -2.9590413923  0  -3.0043213738
48  middleware  2  -2.3617278360  0  -3.0086001718  0  -2.9590413923  0  -3.0043213738
49  community  2  -2.3617278360  0  -3.0086001718  0  -2.9590413923  0  -3.0043213738
50  join  0  -3.0606978404  1  -2.5314789170  0  -2.9590413923  1  0.0004297818
51  want  1  -2.5835765856  1  -2.5314789170  0  -2.9590413923  0  -3.0043213738
52  trend  0  -3.0606978404  1  -2.5314789170  1  -2.4819201376  0  -3.0043213738
53  find  1  -2.5835765856  0  -3.0086001718  0  -2.9590413923  1  0.0004297818
54  developer  0  -3.0606978404  0  -3.0086001718  1  -2.4819201376  1  0.0004297818
55  teach  1  -2.5835765856  1  -2.5314789170  0  -2.9590413923  0  -3.0043213738
56  know  0  -3.0606978404  0  -3.0086001718  0  -2.9590413923  2  0.3012449397
57  fix  0  -3.0606978404  0  -3.0086001718  2  -2.2600713880  0  -3.0043213738
58  time  1  -2.5835765856  0  -3.0086001718  1  -2.4819201376  0  -3.0043213738
59  iota  1  -2.5835765856  1  -2.5314789170  0  -2.9590413923  0  -3.0043213738
60  self-assembly  1  -2.5835765856  0  -3.0086001718  0  -2.9590413923  0  -3.0043213738
61  network  1  -2.5835765856  0  -3.0086001718  0  -2.9590413923  0  -3.0043213738
62  tech-related  0  -3.0606978404  1  -2.5314789170  0  -2.9590413923  0  -3.0043213738
63  technique  1  -2.5835765856  0  -3.0086001718  0  -2.9590413923  0  -3.0043213738
64  technical  0  -3.0606978404  1  -2.5314789170  0  -2.9590413923  0  -3.0043213738
65  future  0  -3.0606978404  0  -3.0086001718  0  -2.9590413923  1  0.0004297818
66  solution  0  -3.0606978404  1  -2.5314789170  0  -2.9590413923  0  -3.0043213738
67  redox  1  -2.5835765856  0  -3.0086001718  0  -2.9590413923  0  -3.0043213738
68  brand  0  -3.0606978404  1  -2.5314789170  0  -2.9590413923  0  -3.0043213738
69  on-course  0  -3.0606978404  0  -3.0086001718  0  -2.9590413923  1  0.0004297818
70  market  0  -3.0606978404  1  -2.5314789170  0  -2.9590413923  0  -3.0043213738
71  c++  0  -3.0606978404  0  -3.0086001718  1  -2.4819201376  0  -3.0043213738
72  air  1  -2.5835765856  0  -3.0086001718  0  -2.9590413923  0  -3.0043213738
73  linux  1  -2.5835765856  0  -3.0086001718  0  -2.9590413923  0  -3.0043213738
74  improve  0  -3.0606978404  1  -2.5314789170  0  -2.9590413923  0  -3.0043213738
75  uv  0  -3.0606978404  0  -3.0086001718  1  -2.4819201376  0  -3.0043213738
76  isp  1  -2.5835765856  0  -3.0086001718  0  -2.9590413923  0  -3.0043213738
77  lessons  0  -3.0606978404  1  -2.5314789170  0  -2.9590413923  0  -3.0043213738
78  submission  0  -3.0606978404  0  -3.0086001718  0  -2.9590413923  1  0.0004297818
79  next  0  -3.0606978404  0  -3.0086001718  0  -2.9590413923  1  0.0004297818
80  block  1  -2.5835765856  0  -3.0086001718  0  -2.9590413923  0  -3.0043213738
81  ugly  0  -3.0606978404  1  -2.5314789170  0  -2.9590413923  0  -3.0043213738
82  12-year-old  0  -3.0606978404  0  -3.0086001718  1  -2.4819201376  0  -3.0043213738
83  simple  0  -3.0606978404  0  -3.0086001718  1  -2.4819201376  0  -3.0043213738
84  insolvent  1  -2.5835765856  0  -3.0086001718  0  -2.9590413923  0  -3.0043213738
85  coinbase  1  -2.5835765856  0  -3.0086001718  0  -2.9590413923  0  -3.0043213738
86  sugar  1  -2.5835765856  0  -3.0086001718  0  -2.9590413923  0  -3.0043213738
87  rather  0  -3.0606978404  0  -3.0086001718  0  -2.9590413923  1  0.0004297818
88  bot  0  -3.0606978404  0  -3.0086001718  1  -2.4819201376  0  -3.0043213738
89  week  1  -2.5835765856  0  -3.0086001718  0  -2.9590413923  0  -3.0043213738
90  recognition  1  -2.5835765856  0  -3.0086001718  0  -2.9590413923  0  -3.0043213738
91  rippletick  0  -3.0606978404  0  -3.0086001718  1  -2.4819201376  0  -3.0043213738
92  mysterious  1  -2.5835765856  0  -3.0086001718  0  -2.9590413923  0  -3.0043213738
93  begin  1  -2.5835765856  0  -3.0086001718  0  -2.9590413923  0  -3.0043213738
94  victimhood culture  1  -2.5835765856  0  -3.0086001718  0  -2.9590413923  0  -3.0043213738
95  first-time  0  -3.0606978404  0  -3.0086001718  0  -2.9590413923  1  0.0004297818
96  fossil haul  1  -2.5835765856  0  -3.0086001718  0  -2.9590413923  0  -3.0043213738
97  room  0  -3.0606978404  1  -2.5314789170  0  -2.9590413923  0  -3.0043213738
98  digital  0  -3.0606978404  0  -3.0086001718  0  -2.9590413923  1  0.0004297818
99  system  0  -3.0606978404  0  -3.0086001718  0  -2.9590413923  1  0.0004297818
100  language  1  -2.5835765856  0  -3.0086001718  0  -2.9590413923  0  -3.0043213738
101  alternative  0  -3.0606978404  0  -3.0086001718  0  -2.9590413923  1  0.0004297818
102  comeback  1  -2.5835765856  0  -3.0086001718  0  -2.9590413923  0  -3.0043213738
103  succeed  0  -3.0606978404  1  -2.5314789170  0  -2.9590413923  0  -3.0043213738
104  china  1  -2.5835765856  0  -3.0086001718  0  -2.9590413923  0  -3.0043213738
105  speech recognition  1  -2.5835765856  0  -3.0086001718  0  -2.9590413923  0  -3.0043213738
106  happy  1  -2.5835765856  0  -3.0086001718  0  -2.9590413923  0  -3.0043213738
107  global  1  -2.5835765856  0  -3.0086001718  0  -2.9590413923  0  -3.0043213738
108  pterosaur  1  -2.5835765856  0  -3.0086001718  0  -2.9590413923  0  -3.0043213738
109  blockchain  1  -2.5835765856  0  -3.0086001718  0  -2.9590413923  0  -3.0043213738
110  tuple  0  -3.0606978404  0  -3.0086001718  0  -2.9590413923  1  0.0004297818
111  oil production  1  -2.5835765856  0  -3.0086001718  0  -2.9590413923  0  -3.0043213738
112  petition  0  -3.0606978404  0  -3.0086001718  0  -2.9590413923  1  0.0004297818
113  harp  1  -2.5835765856  0  -3.0086001718  0  -2.9590413923  0  -3.0043213738
114  computer science  0  -3.0606978404  1  -2.5314789170  0  -2.9590413923  0  -3.0043213738
115  united states  1  -2.5835765856  0  -3.0086001718  0  -2.9590413923  0  -3.0043213738
116  user  1  -2.5835765856  0  -3.0086001718  0  -2.9590413923  0  -3.0043213738
117  cap  1  -2.5835765856  0  -3.0086001718  0  -2.9590413923  0  -3.0043213738
118  corruption  1  -2.5835765856  0  -3.0086001718  0  -2.9590413923  0  -3.0043213738
119  last  0  -3.0606978404  1  -2.5314789170  0  -2.9590413923  0  -3.0043213738
120  foot  1  -2.5835765856  0  -3.0086001718  0  -2.9590413923  0  -3.0043213738
121  cixl  1  -2.5835765856  0  -3.0086001718  0  -2.9590413923  0  -3.0043213738
122  recommend  0  -3.0606978404  0  -3.0086001718  0  -2.9590413923  1  0.0004297818
123  supply chain  1  -2.5835765856  0  -3.0086001718  0  -2.9590413923  0  -3.0043213738
124  controversial therapy  1  -2.5835765856  0  -3.0086001718  0  -2.9590413923  0  -3.0043213738
125  paper  0  -3.0606978404  0  -3.0086001718  0  -2.9590413923  1  0.0004297818
126  calculator  0  -3.0606978404  0  -3.0086001718  1  -2.4819201376  0  -3.0043213738
127  facebook  0  -3.0606978404  0  -3.0086001718  0  -2.9590413923  1  0.0004297818
128  stake  0  -3.0606978404  1  -2.5314789170  0  -2.9590413923  0  -3.0043213738
129  attention  0  -3.0606978404  1  -2.5314789170  0  -2.9590413923  0  -3.0043213738
130  complexity  1  -2.5835765856  0  -3.0086001718  0  -2.9590413923  0  -3.0043213738
131  remove  1  -2.5835765856  0  -3.0086001718  0  -2.9590413923  0  -3.0043213738
132  vs.  0  -3.0606978404  0  -3.0086001718  0  -2.9590413923  1  0.0004297818
133  office  0  -3.0606978404  0  -3.0086001718  0  -2.9590413923  1  0.0004297818
134  celebrate  1  -2.5835765856  0  -3.0086001718  0  -2.9590413923  0  -3.0043213738
135  protester  1  -2.5835765856  0  -3.0086001718  0  -2.9590413923  0  -3.0043213738
136  age  0  -3.0606978404  0  -3.0086001718  0  -2.9590413923  1  0.0004297818
137  probability  1  -2.5835765856  0  -3.0086001718  0  -2.9590413923  0  -3.0043213738
138  smartphone  0  -3.0606978404  0  -3.0086001718  0  -2.9590413923  1  0.0004297818
139  change  0  -3.0606978404  1  -2.5314789170  0  -2.9590413923  0  -3.0043213738
140  group chat  0  -3.0606978404  0  -3.0086001718  0  -2.9590413923  1  0.0004297818
141  hobby  0  -3.0606978404  0  -3.0086001718  0  -2.9590413923  1  0.0004297818
142  break  1  -2.5835765856  0  -3.0086001718  0  -2.9590413923  0  -3.0043213738
143  depth psychology  1  -2.5835765856  0  -3.0086001718  0  -2.9590413923  0  -3.0043213738
144  case  1  -2.5835765856  0  -3.0086001718  0  -2.9590413923  0  -3.0043213738
145  breakthrough  1  -2.5835765856  0  -3.0086001718  0  -2.9590413923  0  -3.0043213738
146  death  1  -2.5835765856  0  -3.0086001718  0  -2.9590413923  0  -3.0043213738
147  threat  1  -2.5835765856  0  -3.0086001718  0  -2.9590413923  0  -3.0043213738
148  glass  1  -2.5835765856  0  -3.0086001718  0  -2.9590413923  0  -3.0043213738
149  come  1  -2.5835765856  0  -3.0086001718  0  -2.9590413923  0  -3.0043213738
150  invest  0  -3.0606978404  1  -2.5314789170  0  -2.9590413923  0  -3.0043213738
151  foundation  1  -2.5835765856  0  -3.0086001718  0  -2.9590413923  0  -3.0043213738
152  cryptocoin  0  -3.0606978404  0  -3.0086001718  0  -2.9590413923  1  0.0004297818
153  boom  1  -2.5835765856  0  -3.0086001718  0  -2.9590413923  0  -3.0043213738
154  recommendation  0  -3.0606978404  1  -2.5314789170  0  -2.9590413923  0  -3.0043213738
155  online  1  -2.5835765856  0  -3.0086001718  0  -2.9590413923  0  -3.0043213738
156  script  1  -2.5835765856  0  -3.0086001718  0  -2.9590413923  0  -3.0043213738
157  merge  0  -3.0606978404  0  -3.0086001718  1  -2.4819201376  0  -3.0043213738
158  jan  0  -3.0606978404  1  -2.5314789170  0  -2.9590413923  0  -3.0043213738
159  price  0  -3.0606978404  0  -3.0086001718  1  -2.4819201376  0  -3.0043213738
160  startup  0  -3.0606978404  0  -3.0086001718  0  -2.9590413923  1  0.0004297818
161  land  1  -2.5835765856  0  -3.0086001718  0  -2.9590413923  0  -3.0043213738
162  move  1  -2.5835765856  0  -3.0086001718  0  -2.9590413923  0  -3.0043213738
163  cmake-based  0  -3.0606978404  0  -3.0086001718  1  -2.4819201376  0  -3.0043213738
164  primary  0  -3.0606978404  0  -3.0086001718  0  -2.9590413923  1  0.0004297818
165  fair  1  -2.5835765856  0  -3.0086001718  0  -2.9590413923  0  -3.0043213738
166  law  0  -3.0606978404  0  -3.0086001718  0  -2.9590413923  1  0.0004297818
167  control  0  -3.0606978404  1  -2.5314789170  0  -2.9590413923  0  -3.0043213738
168  quiet zone  1  -2.5835765856  0  -3.0086001718  0  -2.9590413923  0  -3.0043213738
169  terminal  1  -2.5835765856  0  -3.0086001718  0  -2.9590413923  0  -3.0043213738
170  deploy  0  -3.0606978404  1  -2.5314789170  0  -2.9590413923  0  -3.0043213738
171  protest  1  -2.5835765856  0  -3.0086001718  0  -2.9590413923  0  -3.0043213738
172  principle  0  -3.0606978404  0  -3.0086001718  1  -2.4819201376  0  -3.0043213738
173  willing  0  -3.0606978404  0  -3.0086001718  0  -2.9590413923  1  0.0004297818
174  note  0  -3.0606978404  0  -3.0086001718  1  -2.4819201376  0  -3.0043213738
175  eventhub client  0  -3.0606978404  0  -3.0086001718  1  -2.4819201376  0  -3.0043213738
176  explicitly  0  -3.0606978404  0  -3.0086001718  0  -2.9590413923  1  0.0004297818
177  degree  0  -3.0606978404  1  -2.5314789170  0  -2.9590413923  0  -3.0043213738
178  template  0  -3.0606978404  0  -3.0086001718  1  -2.4819201376  0  -3.0043213738
179  detect  0  -3.0606978404  0  -3.0086001718  1  -2.4819201376  0  -3.0043213738
180  body  1  -2.5835765856  0  -3.0086001718  0  -2.9590413923  0  -3.0043213738
181  non-profit  0  -3.0606978404  1  -2.5314789170  0  -2.9590413923  0  -3.0043213738
182  moon  1  -2.5835765856  0  -3.0086001718  0  -2.9590413923  0  -3.0043213738
183  flywheel  1  -2.5835765856  0  -3.0086001718  0  -2.9590413923  0  -3.0043213738
184  accomplish  0  -3.0606978404  1  -2.5314789170  0  -2.9590413923  0  -3.0043213738
185  old  0  -3.0606978404  0  -3.0086001718  0  -2.9590413923  1  0.0004297818
186  egg  1  -2.5835765856  0  -3.0086001718  0  -2.9590413923  0  -3.0043213738
187  meltdown  0  -3.0606978404  0  -3.0086001718  0  -2.9590413923  1  0.0004297818
188  national radio  1  -2.5835765856  0  -3.0086001718  0  -2.9590413923  0  -3.0043213738
189  judge  1  -2.5835765856  0  -3.0086001718  0  -2.9590413923  0  -3.0043213738
190  arbitrage  0  -3.0606978404  0  -3.0086001718  1  -2.4819201376  0  -3.0043213738
191  list  1  -2.5835765856  0  -3.0086001718  0  -2.9590413923  0  -3.0043213738
192  cppbase  0  -3.0606978404  0  -3.0086001718  1  -2.4819201376  0  -3.0043213738
193  organize  0  -3.0606978404  0  -3.0086001718  1  -2.4819201376  0  -3.0043213738
194  listen  0  -3.0606978404  1  -2.5314789170  0  -2.9590413923  0  -3.0043213738
195  sec  1  -2.5835765856  0  -3.0086001718  0  -2.9590413923  0  -3.0043213738
196  harassment  1  -2.5835765856  0  -3.0086001718  0  -2.9590413923  0  -3.0043213738
197  decentralize  1  -2.5835765856  0  -3.0086001718  0  -2.9590413923  0  -3.0043213738
198  philippine  1  -2.5835765856  0  -3.0086001718  0  -2.9590413923  0  -3.0043213738
199  router  1  -2.5835765856  0  -3.0086001718  0  -2.9590413923  0  -3.0043213738
200  require  0  -3.0606978404  1  -2.5314789170  0  -2.9590413923  0  -3.0043213738
201  level  1  -2.5835765856  0  -3.0086001718  0  -2.9590413923  0  -3.0043213738
202  obtain  1  -2.5835765856  0  -3.0086001718  0  -2.9590413923  0  -3.0043213738
203  community-curated  0  -3.0606978404  0  -3.0086001718  1  -2.4819201376  0  -3.0043213738
204  group  0  -3.0606978404  0  -3.0086001718  0  -2.9590413923  1  0.0004297818
205  pronounce  0  -3.0606978404  0  -3.0086001718  0  -2.9590413923  1  0.0004297818
206  development  0  -3.0606978404  1  -2.5314789170  0  -2.9590413923  0  -3.0043213738
207  proof  0  -3.0606978404  1  -2.5314789170  0  -2.9590413923  0  -3.0043213738
208  bsp  1  -2.5835765856  0  -3.0086001718  0  -2.9590413923  0  -3.0043213738
209  board  1  -2.5835765856  0  -3.0086001718  0  -2.9590413923  0  -3.0043213738
210  volcanic  1  -2.5835765856  0  -3.0086001718  0  -2.9590413923  0  -3.0043213738
211  chatroom  1  -2.5835765856  0  -3.0086001718  0  -2.9590413923  0  -3.0043213738
212  site  1  -2.5835765856  0  -3.0086001718  0  -2.9590413923  0  -3.0043213738
213  twitter  1  -2.5835765856  0  -3.0086001718  0  -2.9590413923  0  -3.0043213738
214  yc  0  -3.0606978404  0  -3.0086001718  0  -2.9590413923  1  0.0004297818
215  version  0  -3.0606978404  1  -2.5314789170  0  -2.9590413923  0  -3.0043213738
216  bittrex  0  -3.0606978404  0  -3.0086001718  1  -2.4819201376  0  -3.0043213738
217  toshi  1  -2.5835765856  0  -3.0086001718  0  -2.9590413923  0  -3.0043213738
218  end speech  1  -2.5835765856  0  -3.0086001718  0  -2.9590413923  0  -3.0043213738
219  podcasts  0  -3.0606978404  1  -2.5314789170  0  -2.9590413923  0  -3.0043213738
220  part  1  -2.5835765856  0  -3.0086001718  0  -2.9590413923  0  -3.0043213738
221  shop  1  -2.5835765856  0  -3.0086001718  0  -2.9590413923  0  -3.0043213738
222  fight  1  -2.5835765856  0  -3.0086001718  0  -2.9590413923  0  -3.0043213738
223  embody  1  -2.5835765856  0  -3.0086001718  0  -2.9590413923  0  -3.0043213738
224  container-based  0  -3.0606978404  0  -3.0086001718  1  -2.4819201376  0  -3.0043213738
225  cad  0  -3.0606978404  1  -2.5314789170  0  -2.9590413923  0  -3.0043213738
226  achieve  0  -3.0606978404  0  -3.0086001718  0  -2.9590413923  1  0.0004297818
227  lead  1  -2.5835765856  0  -3.0086001718  0  -2.9590413923  0  -3.0043213738
228  gdax  0  -3.0606978404  0  -3.0086001718  1  -2.4819201376  0  -3.0043213738
229  great  0  -3.0606978404  0  -3.0086001718  1  -2.4819201376  0  -3.0043213738
230  rest api  0  -3.0606978404  0  -3.0086001718  1  -2.4819201376  0  -3.0043213738
231  tool  1  -2.5835765856  0  -3.0086001718  0  -2.9590413923  0  -3.0043213738
232  national  1  -2.5835765856  0  -3.0086001718  0  -2.9590413923  0  -3.0043213738
233  bitcoin  0  -3.0606978404  0  -3.0086001718  1  -2.4819201376  0  -3.0043213738
234  scalable python  0  -3.0606978404  0  -3.0086001718  1  -2.4819201376  0  -3.0043213738
235  game  0  -3.0606978404  0  -3.0086001718  1  -2.4819201376  0  -3.0043213738
236  plan  0  -3.0606978404  1  -2.5314789170  0  -2.9590413923  0  -3.0043213738
237  command line  0  -3.0606978404  0  -3.0086001718  1  -2.4819201376  0  -3.0043213738
238  crypto-exchanges  0  -3.0606978404  0  -3.0086001718  1  -2.4819201376  0  -3.0043213738
239  open-plan  0  -3.0606978404  0  -3.0086001718  0  -2.9590413923  1  0.0004297818
240  problem  1  -2.5835765856  0  -3.0086001718  0  -2.9590413923  0  -3.0043213738
241  someone  0  -3.0606978404  1  -2.5314789170  0  -2.9590413923  0  -3.0043213738
242  sign  0  -3.0606978404  0  -3.0086001718  0  -2.9590413923  1  0.0004297818
243  prefer  0  -3.0606978404  0  -3.0086001718  0  -2.9590413923  1  0.0004297818
244  plirus  1  -2.5835765856  0  -3.0086001718  0  -2.9590413923  0  -3.0043213738
245  tiny  1  -2.5835765856  0  -3.0086001718  0  -2.9590413923  0  -3.0043213738
246  human  1  -2.5835765856  0  -3.0086001718  0  -2.9590413923  0  -3.0043213738
247  many  0  -3.0606978404  0  -3.0086001718  0  -2.9590413923  1  0.0004297818
248  police  1  -2.5835765856  0  -3.0086001718  0  -2.9590413923  0  -3.0043213738
249  simplecoin  1  -2.5835765856  0  -3.0086001718  0  -2.9590413923  0  -3.0043213738
250  m&a?  0  -3.0606978404  1  -2.5314789170  0  -2.9590413923  0  -3.0043213738
251  event  0  -3.0606978404  1  -2.5314789170  0  -2.9590413923  0  -3.0043213738
252  cpu  0  -3.0606978404  0  -3.0086001718  0  -2.9590413923  1  0.0004297818
253  trolley  1  -2.5835765856  0  -3.0086001718  0  -2.9590413923  0  -3.0043213738
254  thin air  1  -2.5835765856  0  -3.0086001718  0  -2.9590413923  0  -3.0043213738
255  ethereum network  1  -2.5835765856  0  -3.0086001718  0  -2.9590413923  0  -3.0043213738
256  brain  1  -2.5835765856  0  -3.0086001718  0  -2.9590413923  0  -3.0043213738
257  software  0  -3.0606978404  1  -2.5314789170  0  -2.9590413923  0  -3.0043213738
258  facebooks  0  -3.0606978404  1  -2.5314789170  0  -2.9590413923  0  -3.0043213738
259  airport  1  -2.5835765856  0  -3.0086001718  0  -2.9590413923  0  -3.0043213738
260  app  0  -3.0606978404  0  -3.0086001718  1  -2.4819201376  0  -3.0043213738
261  minimal  1  -2.5835765856  0  -3.0086001718  0  -2.9590413923  0  -3.0043213738
262  winter  1  -2.5835765856  0  -3.0086001718  0  -2.9590413923  0  -3.0043213738
263  hackernewsjobs  0  -3.0606978404  0  -3.0086001718  1  -2.4819201376  0  -3.0043213738
264  important  1  -2.5835765856  0  -3.0086001718  0  -2.9590413923  0  -3.0043213738
265  short-term  0  -3.0606978404  0  -3.0086001718  1  -2.4819201376  0  -3.0043213738
266  scientific  1  -2.5835765856  0  -3.0086001718  0  -2.9590413923  0  -3.0043213738
267  call  1  -2.5835765856  0  -3.0086001718  0  -2.9590413923  0  -3.0043213738
268  design  0  -3.0606978404  0  -3.0086001718  1  -2.4819201376  0  -3.0043213738
269  deep learning  0  -3.0606978404  0  -3.0086001718  0  -2.9590413923  1  0.0004297818
270  provider  0  -3.0606978404  1  -2.5314789170  0  -2.9590413923  0  -3.0043213738
271  discord  1  -2.5835765856  0  -3.0086001718  0  -2.9590413923  0  -3.0043213738
272  set  0  -3.0606978404  0  -3.0086001718  0  -2.9590413923  1  0.0004297818
273  file  0  -3.0606978404  1  -2.5314789170  0  -2.9590413923  0  -3.0043213738
274  photo  1  -2.5835765856  0  -3.0086001718  0  -2.9590413923  0  -3.0043213738
275  enjoy  1  -2.5835765856  0  -3.0086001718  0  -2.9590413923  0  -3.0043213738
276  explain  0  -3.0606978404  1  -2.5314789170  0  -2.9590413923  0  -3.0043213738
277  specific  1  -2.5835765856  0  -3.0086001718  0  -2.9590413923  0  -3.0043213738
278  decision  0  -3.0606978404  1  -2.5314789170  0  -2.9590413923  0  -3.0043213738
279  spread  1  -2.5835765856  0  -3.0086001718  0  -2.9590413923  0  -3.0043213738
280  view  0  -3.0606978404  0  -3.0086001718  0  -2.9590413923  1  0.0004297818
281  daughter  0  -3.0606978404  0  -3.0086001718  1  -2.4819201376  0  -3.0043213738
282  analogy  0  -3.0606978404  1  -2.5314789170  0  -2.9590413923  0  -3.0043213738
283  repository  0  -3.0606978404  0  -3.0086001718  1  -2.4819201376  0  -3.0043213738
284  remember  0  -3.0606978404  1  -2.5314789170  0  -2.9590413923  0  -3.0043213738
285  dapp browser  1  -2.5835765856  0  -3.0086001718  0  -2.9590413923  0  -3.0043213738
286  quantum  1  -2.5835765856  0  -3.0086001718  0  -2.9590413923  0  -3.0043213738
287  record-breaking  1  -2.5835765856  0  -3.0086001718  0  -2.9590413923  0  -3.0043213738
288  coin  1  -2.5835765856  0  -3.0086001718  0  -2.9590413923  0  -3.0043213738
289  dna  1  -2.5835765856  0  -3.0086001718  0  -2.9590413923  0  -3.0043213738
290  supermarket  1  -2.5835765856  0  -3.0086001718  0  -2.9590413923  0  -3.0043213738
291  feature  0  -3.0606978404  1  -2.5314789170  0  -2.9590413923  0  -3.0043213738
292  custom  1  -2.5835765856  0  -3.0086001718  0  -2.9590413923  0  -3.0043213738
293  rare  1  -2.5835765856  0  -3.0086001718  0  -2.9590413923  0  -3.0043213738
294  psychosis  1  -2.5835765856  0  -3.0086001718  0  -2.9590413923  0  -3.0043213738
295  learning  0  -3.0606978404  0  -3.0086001718  1  -2.4819201376  0  -3.0043213738
296  page  1  -2.5835765856  0  -3.0086001718  0  -2.9590413923  0  -3.0043213738
297  [video]  1  -2.5835765856  0  -3.0086001718  0  -2.9590413923  0  -3.0043213738
298  pray  0  -3.0606978404  0  -3.0086001718  1  -2.4819201376  0  -3.0043213738
299  increase  0  -3.0606978404  0  -3.0086001718  0  -2.9590413923  1  0.0004297818
300  get  0  -3.0606978404  0  -3.0086001718  0  -2.9590413923  1  0.0004297818
301  berlin  0  -3.0606978404  1  -2.5314789170  0  -2.9590413923  0  -3.0043213738
302  operating  0  -3.0606978404  0  -3.0086001718  0  -2.9590413923  1  0.0004297818
303  span  0  -3.0606978404  1  -2.5314789170  0  -2.9590413923  0  -3.0043213738
304  machine learning  1  -2.5835765856  0  -3.0086001718  0  -2.9590413923  0  -3.0043213738
305  interactive web  0  -3.0606978404  1  -2.5314789170  0  -2.9590413923  0  -3.0043213738
306  table isolation  1  -2.5835765856  0  -3.0086001718  0  -2.9590413923  0  -3.0043213738
307  commute  0  -3.0606978404  0  -3.0086001718  0  -2.9590413923  1  0.0004297818
308  target  0  -3.0606978404  0  -3.0086001718  0  -2.9590413923  1  0.0004297818
309  blog  1  -2.5835765856  0  -3.0086001718  0  -2.9590413923  0  -3.0043213738
310  radio quiet  1  -2.5835765856  0  -3.0086001718  0  -2.9590413923  0  -3.0043213738
311  time ripple  0  -3.0606978404  0  -3.0086001718  1  -2.4819201376  0  -3.0043213738
312  kraken  0  -3.0606978404  0  -3.0086001718  1  -2.4819201376  0  -3.0043213738
313  currently  0  -3.0606978404  0  -3.0086001718  0  -2.9590413923  1  0.0004297818
314  pay  0  -3.0606978404  0  -3.0086001718  0  -2.9590413923  1  0.0004297818
315  let  1  -2.5835765856  0  -3.0086001718  0  -2.9590413923  0  -3.0043213738
316  encryption  1  -2.5835765856  0  -3.0086001718  0  -2.9590413923  0  -3.0043213738
317  tell  1  -2.5835765856  0  -3.0086001718  0  -2.9590413923  0  -3.0043213738
318  far  1  -2.5835765856  0  -3.0086001718  0  -2.9590413923  0  -3.0043213738
319  top  1  -2.5835765856  0  -3.0086001718  0  -2.9590413923  0  -3.0043213738
320  beijing  1  -2.5835765856  0  -3.0086001718  0  -2.9590413923  0  -3.0043213738
321  jumbo  1  -2.5835765856  0  -3.0086001718  0  -2.9590413923  0  -3.0043213738
322  cook  0  -3.0606978404  1  -2.5314789170  0  -2.9590413923  0  -3.0043213738
323  decently  1  -2.5835765856  0  -3.0086001718  0  -2.9590413923  0  -3.0043213738
324  laptop  0  -3.0606978404  0  -3.0086001718  0  -2.9590413923  1  0.0004297818
325  social media  1  -2.5835765856  0  -3.0086001718  0  -2.9590413923  0  -3.0043213738
326  store  1  -2.5835765856  0  -3.0086001718  0  -2.9590413923  0  -3.0043213738
327  voting  0  -3.0606978404  0  -3.0086001718  0  -2.9590413923  1  0.0004297818
328  friend  0  -3.0606978404  0  -3.0086001718  0  -2.9590413923  1  0.0004297818
329  b  0  -3.0606978404  0  -3.0086001718  0  -2.9590413923  1  0.0004297818
330  everyday  0  -3.0606978404  0  -3.0086001718  1  -2.4819201376  0  -3.0043213738
331  faster  1  -2.5835765856  0  -3.0086001718  0  -2.9590413923  0  -3.0043213738
332  hacker  1  -2.5835765856  0  -3.0086001718  0  -2.9590413923  0  -3.0043213738
333  video  0  -3.0606978404  0  -3.0086001718  0  -2.9590413923  1  0.0004297818
334  iran  1  -2.5835765856  0  -3.0086001718  0  -2.9590413923  0  -3.0043213738
335  possible  0  -3.0606978404  1  -2.5314789170  0  -2.9590413923  0  -3.0043213738
336  side  1  -2.5835765856  0  -3.0086001718  0  -2.9590413923  0  -3.0043213738
337  due diligence  0  -3.0606978404  1  -2.5314789170  0  -2.9590413923  0  -3.0043213738
338  scale  1  -2.5835765856  0  -3.0086001718  0  -2.9590413923  0  -3.0043213738
339  authorize  1  -2.5835765856  0  -3.0086001718  0  -2.9590413923  0  -3.0043213738
340  self-teleportation  1  -2.5835765856  0  -3.0086001718  0  -2.9590413923  0  -3.0043213738
341  limit  0  -3.0606978404  1  -2.5314789170  0  -2.9590413923  0  -3.0043213738
342  bible  0  -3.0606978404  0  -3.0086001718  1  -2.4819201376  0  -3.0043213738
343  start  1  -2.5835765856  0  -3.0086001718  0  -2.9590413923  0  -3.0043213738
344  employer  0  -3.0606978404  1  -2.5314789170  0  -2.9590413923  0  -3.0043213738
345  hundred  1  -2.5835765856  0  -3.0086001718  0  -2.9590413923  0  -3.0043213738
346  solve  1  -2.5835765856  0  -3.0086001718  0  -2.9590413923  0  -3.0043213738
347  index  0  -3.0606978404  0  -3.0086001718  1  -2.4819201376  0  -3.0043213738
348  binance  0  -3.0606978404  0  -3.0086001718  1  -2.4819201376  0  -3.0043213738
349  weird  1  -2.5835765856  0  -3.0086001718  0  -2.9590413923  0  -3.0043213738
350  desktop  0  -3.0606978404  0  -3.0086001718  0  -2.9590413923  1  0.0004297818
351  really  0  -3.0606978404  1  -2.5314789170  0  -2.9590413923  0  -3.0043213738
352  xrp  0  -3.0606978404  0  -3.0086001718  1  -2.4819201376  0  -3.0043213738
353  web demo  0  -3.0606978404  1  -2.5314789170  0  -2.9590413923  0  -3.0043213738
354  employee  0  -3.0606978404  0  -3.0086001718  0  -2.9590413923  1  0.0004297818
355  perform  0  -3.0606978404  1  -2.5314789170  0  -2.9590413923  0  -3.0043213738
356  hire  0  -3.0606978404  0  -3.0086001718  1  -2.4819201376  0  -3.0043213738
357  people  1  -2.5835765856  0  -3.0086001718  0  -2.9590413923  0  -3.0043213738
358  registrars  0  -3.0606978404  1  -2.5314789170  0  -2.9590413923  0  -3.0043213738
359  consult  0  -3.0606978404  1  -2.5314789170  0  -2.9590413923  0  -3.0043213738
360  athena  0  -3.0606978404  0  -3.0086001718  1  -2.4819201376  0  -3.0043213738
361  pseudoscience  1  -2.5835765856  0  -3.0086001718  0  -2.9590413923  0  -3.0043213738
362  top-level  0  -3.0606978404  0  -3.0086001718  0  -2.9590413923  1  0.0004297818
363  ash  1  -2.5835765856  0  -3.0086001718  0  -2.9590413923  0  -3.0043213738
