1  poll  0  -2.9822712330  0  -2.9190780924  0  -2.8573324964  27  1.4313833795
2  ask  0  -2.9822712330  22  -1.2658655786  1  -2.3802112417  0  -2.9138138524
3  show  0  -2.9822712330  0  -2.9190780924  13  -1.4259687323  0  -2.9138138524
4  year  4  -2.0280287236  2  -2.2201080880  0  -2.8573324964  1  0.0005293047
5  use  2  -2.2833012287  1  -2.4419568377  0  -2.8573324964  3  0.4772977613
6  new  4  -2.0280287236  2  -2.2201080880  0  -2.8573324964  0  -2.9138138524
7  read  0  -2.9822712330  1  -2.4419568377  2  -2.1583624921  1  0.0005293047
8  book  1  -2.5051499783  1  -2.4419568377  1  -2.3802112417  1  0.0005293047
9  job  1  -2.5051499783  0  -2.9190780924  0  -2.8573324964  3  0.4772977613
10  have  1  -2.5051499783  0  -2.9190780924  0  -2.8573324964  2  0.3012947287
11  current  0  -2.9822712330  0  -2.9190780924  0  -2.8573324964  3  0.4772977613
12  write  2  -2.2833012287  0  -2.9190780924  1  -2.3802112417  0  -2.9138138524
13  name  0  -2.9822712330  3  -2.0739800524  0  -2.8573324964  0  -2.9138138524
14  apps  1  -2.5051499783  1  -2.4419568377  1  -2.3802112417  0  -2.9138138524
15  make  2  -2.2833012287  1  -2.4419568377  0  -2.8573324964  0  -2.9138138524
16  mobile  1  -2.5051499783  0  -2.9190780924  0  -2.8573324964  1  0.0005293047
17  blood  2  -2.2833012287  0  -2.9190780924  0  -2.8573324964  0  -2.9138138524
18  ruby  2  -2.2833012287  0  -2.9190780924  0  -2.8573324964  0  -2.9138138524
19  end  1  -2.5051499783  0  -2.9190780924  0  -2.8573324964  1  0.0005293047
20  founder  0  -2.9822712330  0  -2.9190780924  0  -2.8573324964  2  0.3012947287
21  noah  2  -2.2833012287  0  -2.9190780924  0  -2.8573324964  0  -2.9138138524
22  domain  0  -2.9822712330  1  -2.4419568377  0  -2.8573324964  1  0.0005293047
23  news  2  -2.2833012287  0  -2.9190780924  0  -2.8573324964  0  -2.9138138524
24  apple  1  -2.5051499783  0  -2.9190780924  0  -2.8573324964  1  0.0005293047
25  type  2  -2.2833012287  0  -2.9190780924  0  -2.8573324964  0  -2.9138138524
26  conflict  0  -2.9822712330  0  -2.9190780924  2  -2.1583624921  0  -2.9138138524
27  support  0  -2.9822712330  0  -2.9190780924  0  -2.8573324964  2  0.3012947287
28  resource  0  -2.9822712330  1  -2.4419568377  1  -2.3802112417  0  -2.9138138524
29  quality  2  -2.2833012287  0  -2.9190780924  0  -2.8573324964  0  -2.9138138524
30  express  2  -2.2833012287  0  -2.9190780924  0  -2.8573324964  0  -2.9138138524
31  project  0  -2.9822712330  0  -2.9190780924  1  -2.3802112417  1  0.0005293047
32  learn  0  -2.9822712330  2  -2.2201080880  0  -2.8573324964  0  -2.9138138524
33  tax  0  -2.9822712330  0  -2.9190780924  0  -2.8573324964  2  0.3012947287
34  business  0  -2.9822712330  1  -2.4419568377  0  -2.8573324964  1  0.0005293047
35  patch  1  -2.5051499783  0  -2.9190780924  0  -2.8573324964  1  0.0005293047
36  best  1  -2.5051499783  0  -2.9190780924  0  -2.8573324964  1  0.0005293047
37  amazon  2  -2.2833012287  0  -2.9190780924  0  -2.8573324964  0  -2.9138138524
38  demo  1  -2.5051499783  1  -2.4419568377  0  -2.8573324964  0  -2.9138138524
39  real  0  -2.9822712330  0  -2.9190780924  2  -2.1583624921  0  -2.9138138524
40  work  1  -2.5051499783  1  -2.4419568377  0  -2.8573324964  0  -2.9138138524
41  stop  2  -2.2833012287  0  -2.9190780924  0  -2.8573324964  0  -2.9138138524
42  join  0  -2.9822712330  1  -2.4419568377  0  -2.8573324964  1  0.0005293047
43  want  1  -2.5051499783  1  -2.4419568377  0  -2.8573324964  0  -2.9138138524
44  trend  0  -2.9822712330  1  -2.4419568377  1  -2.3802112417  0  -2.9138138524
45  find  1  -2.5051499783  0  -2.9190780924  0  -2.8573324964  1  0.0005293047
46  teach  1  -2.5051499783  1  -2.4419568377  0  -2.8573324964  0  -2.9138138524
47  know  0  -2.9822712330  0  -2.9190780924  0  -2.8573324964  2  0.3012947287
48  fix  0  -2.9822712330  0  -2.9190780924  2  -2.1583624921  0  -2.9138138524
49  time  1  -2.5051499783  0  -2.9190780924  1  -2.3802112417  0  -2.9138138524
50  iota  1  -2.5051499783  1  -2.4419568377  0  -2.8573324964  0  -2.9138138524
51  network  1  -2.5051499783  0  -2.9190780924  0  -2.8573324964  0  -2.9138138524
52  future  0  -2.9822712330  0  -2.9190780924  0  -2.8573324964  1  0.0005293047
53  solution  0  -2.9822712330  1  -2.4419568377  0  -2.8573324964  0  -2.9138138524
54  redox  1  -2.5051499783  0  -2.9190780924  0  -2.8573324964  0  -2.9138138524
55  brand  0  -2.9822712330  1  -2.4419568377  0  -2.8573324964  0  -2.9138138524
56  market  0  -2.9822712330  1  -2.4419568377  0  -2.8573324964  0  -2.9138138524
57  c++  0  -2.9822712330  0  -2.9190780924  1  -2.3802112417  0  -2.9138138524
58  air  1  -2.5051499783  0  -2.9190780924  0  -2.8573324964  0  -2.9138138524
59  linux  1  -2.5051499783  0  -2.9190780924  0  -2.8573324964  0  -2.9138138524
60  improve  0  -2.9822712330  1  -2.4419568377  0  -2.8573324964  0  -2.9138138524
61  isp  1  -2.5051499783  0  -2.9190780924  0  -2.8573324964  0  -2.9138138524
62  lessons  0  -2.9822712330  1  -2.4419568377  0  -2.8573324964  0  -2.9138138524
63  next  0  -2.9822712330  0  -2.9190780924  0  -2.8573324964  1  0.0005293047
64  block  1  -2.5051499783  0  -2.9190780924  0  -2.8573324964  0  -2.9138138524
65  ugly  0  -2.9822712330  1  -2.4419568377  0  -2.8573324964  0  -2.9138138524
66  simple  0  -2.9822712330  0  -2.9190780924  1  -2.3802112417  0  -2.9138138524
67  coinbase  1  -2.5051499783  0  -2.9190780924  0  -2.8573324964  0  -2.9138138524
68  sugar  1  -2.5051499783  0  -2.9190780924  0  -2.8573324964  0  -2.9138138524
69  rather  0  -2.9822712330  0  -2.9190780924  0  -2.8573324964  1  0.0005293047
70  bot  0  -2.9822712330  0  -2.9190780924  1  -2.3802112417  0  -2.9138138524
71  week  1  -2.5051499783  0  -2.9190780924  0  -2.8573324964  0  -2.9138138524
72  begin  1  -2.5051499783  0  -2.9190780924  0  -2.8573324964  0  -2.9138138524
73  room  0  -2.9822712330  1  -2.4419568377  0  -2.8573324964  0  -2.9138138524
74  digital  0  -2.9822712330  0  -2.9190780924  0  -2.8573324964  1  0.0005293047
75  system  0  -2.9822712330  0  -2.9190780924  0  -2.8573324964  1  0.0005293047
76  language  1  -2.5051499783  0  -2.9190780924  0  -2.8573324964  0  -2.9138138524
77  comeback  1  -2.5051499783  0  -2.9190780924  0  -2.8573324964  0  -2.9138138524
78  succeed  0  -2.9822712330  1  -2.4419568377  0  -2.8573324964  0  -2.9138138524
79  china  1  -2.5051499783  0  -2.9190780924  0  -2.8573324964  0  -2.9138138524
80  happy  1  -2.5051499783  0  -2.9190780924  0  -2.8573324964  0  -2.9138138524
81  global  1  -2.5051499783  0  -2.9190780924  0  -2.8573324964  0  -2.9138138524
82  tuple  0  -2.9822712330  0  -2.9190780924  0  -2.8573324964  1  0.0005293047
83  petition  0  -2.9822712330  0  -2.9190780924  0  -2.8573324964  1  0.0005293047
84  harp  1  -2.5051499783  0  -2.9190780924  0  -2.8573324964  0  -2.9138138524
85  user  1  -2.5051499783  0  -2.9190780924  0  -2.8573324964  0  -2.9138138524
86  cap  1  -2.5051499783  0  -2.9190780924  0  -2.8573324964  0  -2.9138138524
87  last  0  -2.9822712330  1  -2.4419568377  0  -2.8573324964  0  -2.9138138524
88  foot  1  -2.5051499783  0  -2.9190780924  0  -2.8573324964  0  -2.9138138524
89  cixl  1  -2.5051499783  0  -2.9190780924  0  -2.8573324964  0  -2.9138138524
90  paper  0  -2.9822712330  0  -2.9190780924  0  -2.8573324964  1  0.0005293047
91  facebook  0  -2.9822712330  0  -2.9190780924  0  -2.8573324964  1  0.0005293047
92  stake  0  -2.9822712330  1  -2.4419568377  0  -2.8573324964  0  -2.9138138524
93  remove  1  -2.5051499783  0  -2.9190780924  0  -2.8573324964  0  -2.9138138524
94  vs.  0  -2.9822712330  0  -2.9190780924  0  -2.8573324964  1  0.0005293047
95  office  0  -2.9822712330  0  -2.9190780924  0  -2.8573324964  1  0.0005293047
96  age  0  -2.9822712330  0  -2.9190780924  0  -2.8573324964  1  0.0005293047
97  change  0  -2.9822712330  1  -2.4419568377  0  -2.8573324964  0  -2.9138138524
98  hobby  0  -2.9822712330  0  -2.9190780924  0  -2.8573324964  1  0.0005293047
99  break  1  -2.5051499783  0  -2.9190780924  0  -2.8573324964  0  -2.9138138524
100  case  1  -2.5051499783  0  -2.9190780924  0  -2.8573324964  0  -2.9138138524
101  death  1  -2.5051499783  0  -2.9190780924  0  -2.8573324964  0  -2.9138138524
102  threat  1  -2.5051499783  0  -2.9190780924  0  -2.8573324964  0  -2.9138138524
103  glass  1  -2.5051499783  0  -2.9190780924  0  -2.8573324964  0  -2.9138138524
104  come  1  -2.5051499783  0  -2.9190780924  0  -2.8573324964  0  -2.9138138524
105  invest  0  -2.9822712330  1  -2.4419568377  0  -2.8573324964  0  -2.9138138524
106  boom  1  -2.5051499783  0  -2.9190780924  0  -2.8573324964  0  -2.9138138524
107  online  1  -2.5051499783  0  -2.9190780924  0  -2.8573324964  0  -2.9138138524
108  script  1  -2.5051499783  0  -2.9190780924  0  -2.8573324964  0  -2.9138138524
109  merge  0  -2.9822712330  0  -2.9190780924  1  -2.3802112417  0  -2.9138138524
110  jan  0  -2.9822712330  1  -2.4419568377  0  -2.8573324964  0  -2.9138138524
111  price  0  -2.9822712330  0  -2.9190780924  1  -2.3802112417  0  -2.9138138524
112  startup  0  -2.9822712330  0  -2.9190780924  0  -2.8573324964  1  0.0005293047
113  land  1  -2.5051499783  0  -2.9190780924  0  -2.8573324964  0  -2.9138138524
114  move  1  -2.5051499783  0  -2.9190780924  0  -2.8573324964  0  -2.9138138524
115  primary  0  -2.9822712330  0  -2.9190780924  0  -2.8573324964  1  0.0005293047
116  fair  1  -2.5051499783  0  -2.9190780924  0  -2.8573324964  0  -2.9138138524
117  law  0  -2.9822712330  0  -2.9190780924  0  -2.8573324964  1  0.0005293047
118  control  0  -2.9822712330  1  -2.4419568377  0  -2.8573324964  0  -2.9138138524
119  terminal  1  -2.5051499783  0  -2.9190780924  0  -2.8573324964  0  -2.9138138524
120  deploy  0  -2.9822712330  1  -2.4419568377  0  -2.8573324964  0  -2.9138138524
121  protest  1  -2.5051499783  0  -2.9190780924  0  -2.8573324964  0  -2.9138138524
122  willing  0  -2.9822712330  0  -2.9190780924  0  -2.8573324964  1  0.0005293047
123  note  0  -2.9822712330  0  -2.9190780924  1  -2.3802112417  0  -2.9138138524
124  degree  0  -2.9822712330  1  -2.4419568377  0  -2.8573324964  0  -2.9138138524
125  template  0  -2.9822712330  0  -2.9190780924  1  -2.3802112417  0  -2.9138138524
126  detect  0  -2.9822712330  0  -2.9190780924  1  -2.3802112417  0  -2.9138138524
127  body  1  -2.5051499783  0  -2.9190780924  0  -2.8573324964  0  -2.9138138524
128  moon  1  -2.5051499783  0  -2.9190780924  0  -2.8573324964  0  -2.9138138524
129  flywheel  1  -2.5051499783  0  -2.9190780924  0  -2.8573324964  0  -2.9138138524
130  old  0  -2.9822712330  0  -2.9190780924  0  -2.8573324964  1  0.0005293047
131  egg  1  -2.5051499783  0  -2.9190780924  0  -2.8573324964  0  -2.9138138524
132  meltdown  0  -2.9822712330  0  -2.9190780924  0  -2.8573324964  1  0.0005293047
133  judge  1  -2.5051499783  0  -2.9190780924  0  -2.8573324964  0  -2.9138138524
134  list  1  -2.5051499783  0  -2.9190780924  0  -2.8573324964  0  -2.9138138524
135  cppbase  0  -2.9822712330  0  -2.9190780924  1  -2.3802112417  0  -2.9138138524
136  organize  0  -2.9822712330  0  -2.9190780924  1  -2.3802112417  0  -2.9138138524
137  listen  0  -2.9822712330  1  -2.4419568377  0  -2.8573324964  0  -2.9138138524
138  sec  1  -2.5051499783  0  -2.9190780924  0  -2.8573324964  0  -2.9138138524
139  router  1  -2.5051499783  0  -2.9190780924  0  -2.8573324964  0  -2.9138138524
140  require  0  -2.9822712330  1  -2.4419568377  0  -2.8573324964  0  -2.9138138524
141  level  1  -2.5051499783  0  -2.9190780924  0  -2.8573324964  0  -2.9138138524
142  obtain  1  -2.5051499783  0  -2.9190780924  0  -2.8573324964  0  -2.9138138524
143  group  0  -2.9822712330  0  -2.9190780924  0  -2.8573324964  1  0.0005293047
144  proof  0  -2.9822712330  1  -2.4419568377  0  -2.8573324964  0  -2.9138138524
145  bsp  1  -2.5051499783  0  -2.9190780924  0  -2.8573324964  0  -2.9138138524
146  own  1  -2.5051499783  0  -2.9190780924  0  -2.8573324964  0  -2.9138138524
147  board  1  -2.5051499783  0  -2.9190780924  0  -2.8573324964  0  -2.9138138524
148  volcanic  1  -2.5051499783  0  -2.9190780924  0  -2.8573324964  0  -2.9138138524
149  chatroom  1  -2.5051499783  0  -2.9190780924  0  -2.8573324964  0  -2.9138138524
150  site  1  -2.5051499783  0  -2.9190780924  0  -2.8573324964  0  -2.9138138524
151  twitter  1  -2.5051499783  0  -2.9190780924  0  -2.8573324964  0  -2.9138138524
152  version  0  -2.9822712330  1  -2.4419568377  0  -2.8573324964  0  -2.9138138524
153  bittrex  0  -2.9822712330  0  -2.9190780924  1  -2.3802112417  0  -2.9138138524
154  toshi  1  -2.5051499783  0  -2.9190780924  0  -2.8573324964  0  -2.9138138524
155  podcasts  0  -2.9822712330  1  -2.4419568377  0  -2.8573324964  0  -2.9138138524
156  part  1  -2.5051499783  0  -2.9190780924  0  -2.8573324964  0  -2.9138138524
157  shop  1  -2.5051499783  0  -2.9190780924  0  -2.8573324964  0  -2.9138138524
158  fight  1  -2.5051499783  0  -2.9190780924  0  -2.8573324964  0  -2.9138138524
159  embody  1  -2.5051499783  0  -2.9190780924  0  -2.8573324964  0  -2.9138138524
160  cad  0  -2.9822712330  1  -2.4419568377  0  -2.8573324964  0  -2.9138138524
161  achieve  0  -2.9822712330  0  -2.9190780924  0  -2.8573324964  1  0.0005293047
162  lead  1  -2.5051499783  0  -2.9190780924  0  -2.8573324964  0  -2.9138138524
163  gdax  0  -2.9822712330  0  -2.9190780924  1  -2.3802112417  0  -2.9138138524
164  great  0  -2.9822712330  0  -2.9190780924  1  -2.3802112417  0  -2.9138138524
165  rest api  0  -2.9822712330  0  -2.9190780924  1  -2.3802112417  0  -2.9138138524
166  tool  1  -2.5051499783  0  -2.9190780924  0  -2.8573324964  0  -2.9138138524
167  national  1  -2.5051499783  0  -2.9190780924  0  -2.8573324964  0  -2.9138138524
168  bitcoin  0  -2.9822712330  0  -2.9190780924  1  -2.3802112417  0  -2.9138138524
169  game  0  -2.9822712330  0  -2.9190780924  1  -2.3802112417  0  -2.9138138524
170  plan  0  -2.9822712330  1  -2.4419568377  0  -2.8573324964  0  -2.9138138524
171  problem  1  -2.5051499783  0  -2.9190780924  0  -2.8573324964  0  -2.9138138524
172  someone  0  -2.9822712330  1  -2.4419568377  0  -2.8573324964  0  -2.9138138524
173  sign  0  -2.9822712330  0  -2.9190780924  0  -2.8573324964  1  0.0005293047
174  prefer  0  -2.9822712330  0  -2.9190780924  0  -2.8573324964  1  0.0005293047
175  plirus  1  -2.5051499783  0  -2.9190780924  0  -2.8573324964  0  -2.9138138524
176  tiny  1  -2.5051499783  0  -2.9190780924  0  -2.8573324964  0  -2.9138138524
177  human  1  -2.5051499783  0  -2.9190780924  0  -2.8573324964  0  -2.9138138524
178  many  0  -2.9822712330  0  -2.9190780924  0  -2.8573324964  1  0.0005293047
179  police  1  -2.5051499783  0  -2.9190780924  0  -2.8573324964  0  -2.9138138524
180  m&a?  0  -2.9822712330  1  -2.4419568377  0  -2.8573324964  0  -2.9138138524
181  event  0  -2.9822712330  1  -2.4419568377  0  -2.8573324964  0  -2.9138138524
182  cpu  0  -2.9822712330  0  -2.9190780924  0  -2.8573324964  1  0.0005293047
183  trolley  1  -2.5051499783  0  -2.9190780924  0  -2.8573324964  0  -2.9138138524
184  thin air  1  -2.5051499783  0  -2.9190780924  0  -2.8573324964  0  -2.9138138524
185  brain  1  -2.5051499783  0  -2.9190780924  0  -2.8573324964  0  -2.9138138524
186  software  0  -2.9822712330  1  -2.4419568377  0  -2.8573324964  0  -2.9138138524
187  airport  1  -2.5051499783  0  -2.9190780924  0  -2.8573324964  0  -2.9138138524
188  app  0  -2.9822712330  0  -2.9190780924  1  -2.3802112417  0  -2.9138138524
189  minimal  1  -2.5051499783  0  -2.9190780924  0  -2.8573324964  0  -2.9138138524
190  winter  1  -2.5051499783  0  -2.9190780924  0  -2.8573324964  0  -2.9138138524
191  call  1  -2.5051499783  0  -2.9190780924  0  -2.8573324964  0  -2.9138138524
192  design  0  -2.9822712330  0  -2.9190780924  1  -2.3802112417  0  -2.9138138524
193  provider  0  -2.9822712330  1  -2.4419568377  0  -2.8573324964  0  -2.9138138524
194  discord  1  -2.5051499783  0  -2.9190780924  0  -2.8573324964  0  -2.9138138524
195  set  0  -2.9822712330  0  -2.9190780924  0  -2.8573324964  1  0.0005293047
196  file  0  -2.9822712330  1  -2.4419568377  0  -2.8573324964  0  -2.9138138524
197  photo  1  -2.5051499783  0  -2.9190780924  0  -2.8573324964  0  -2.9138138524
198  enjoy  1  -2.5051499783  0  -2.9190780924  0  -2.8573324964  0  -2.9138138524
199  explain  0  -2.9822712330  1  -2.4419568377  0  -2.8573324964  0  -2.9138138524
200  specific  1  -2.5051499783  0  -2.9190780924  0  -2.8573324964  0  -2.9138138524
201  decision  0  -2.9822712330  1  -2.4419568377  0  -2.8573324964  0  -2.9138138524
202  spread  1  -2.5051499783  0  -2.9190780924  0  -2.8573324964  0  -2.9138138524
203  view  0  -2.9822712330  0  -2.9190780924  0  -2.8573324964  1  0.0005293047
204  daughter  0  -2.9822712330  0  -2.9190780924  1  -2.3802112417  0  -2.9138138524
205  analogy  0  -2.9822712330  1  -2.4419568377  0  -2.8573324964  0  -2.9138138524
206  remember  0  -2.9822712330  1  -2.4419568377  0  -2.8573324964  0  -2.9138138524
207  quantum  1  -2.5051499783  0  -2.9190780924  0  -2.8573324964  0  -2.9138138524
208  coin  1  -2.5051499783  0  -2.9190780924  0  -2.8573324964  0  -2.9138138524
209  dna  1  -2.5051499783  0  -2.9190780924  0  -2.8573324964  0  -2.9138138524
210  feature  0  -2.9822712330  1  -2.4419568377  0  -2.8573324964  0  -2.9138138524
211  custom  1  -2.5051499783  0  -2.9190780924  0  -2.8573324964  0  -2.9138138524
212  rare  1  -2.5051499783  0  -2.9190780924  0  -2.8573324964  0  -2.9138138524
213  learning  0  -2.9822712330  0  -2.9190780924  1  -2.3802112417  0  -2.9138138524
214  page  1  -2.5051499783  0  -2.9190780924  0  -2.8573324964  0  -2.9138138524
215  [video]  1  -2.5051499783  0  -2.9190780924  0  -2.8573324964  0  -2.9138138524
216  pray  0  -2.9822712330  0  -2.9190780924  1  -2.3802112417  0  -2.9138138524
217  increase  0  -2.9822712330  0  -2.9190780924  0  -2.8573324964  1  0.0005293047
218  get  0  -2.9822712330  0  -2.9190780924  0  -2.8573324964  1  0.0005293047
219  berlin  0  -2.9822712330  1  -2.4419568377  0  -2.8573324964  0  -2.9138138524
220  span  0  -2.9822712330  1  -2.4419568377  0  -2.8573324964  0  -2.9138138524
221  commute  0  -2.9822712330  0  -2.9190780924  0  -2.8573324964  1  0.0005293047
222  target  0  -2.9822712330  0  -2.9190780924  0  -2.8573324964  1  0.0005293047
223  blog  1  -2.5051499783  0  -2.9190780924  0  -2.8573324964  0  -2.9138138524
224  kraken  0  -2.9822712330  0  -2.9190780924  1  -2.3802112417  0  -2.9138138524
225  pay  0  -2.9822712330  0  -2.9190780924  0  -2.8573324964  1  0.0005293047
226  let  1  -2.5051499783  0  -2.9190780924  0  -2.8573324964  0  -2.9138138524
227  tell  1  -2.5051499783  0  -2.9190780924  0  -2.8573324964  0  -2.9138138524
228  far  1  -2.5051499783  0  -2.9190780924  0  -2.8573324964  0  -2.9138138524
229  top  1  -2.5051499783  0  -2.9190780924  0  -2.8573324964  0  -2.9138138524
230  now  1  -2.5051499783  0  -2.9190780924  0  -2.8573324964  0  -2.9138138524
231  beijing  1  -2.5051499783  0  -2.9190780924  0  -2.8573324964  0  -2.9138138524
232  jumbo  1  -2.5051499783  0  -2.9190780924  0  -2.8573324964  0  -2.9138138524
233  cook  0  -2.9822712330  1  -2.4419568377  0  -2.8573324964  0  -2.9138138524
234  decently  1  -2.5051499783  0  -2.9190780924  0  -2.8573324964  0  -2.9138138524
235  laptop  0  -2.9822712330  0  -2.9190780924  0  -2.8573324964  1  0.0005293047
236  store  1  -2.5051499783  0  -2.9190780924  0  -2.8573324964  0  -2.9138138524
237  voting  0  -2.9822712330  0  -2.9190780924  0  -2.8573324964  1  0.0005293047
238  friend  0  -2.9822712330  0  -2.9190780924  0  -2.8573324964  1  0.0005293047
239  everyday  0  -2.9822712330  0  -2.9190780924  1  -2.3802112417  0  -2.9138138524
240  faster  1  -2.5051499783  0  -2.9190780924  0  -2.8573324964  0  -2.9138138524
241  hacker  1  -2.5051499783  0  -2.9190780924  0  -2.8573324964  0  -2.9138138524
242  video  0  -2.9822712330  0  -2.9190780924  0  -2.8573324964  1  0.0005293047
243  iran  1  -2.5051499783  0  -2.9190780924  0  -2.8573324964  0  -2.9138138524
244  possible  0  -2.9822712330  1  -2.4419568377  0  -2.8573324964  0  -2.9138138524
245  side  1  -2.5051499783  0  -2.9190780924  0  -2.8573324964  0  -2.9138138524
246  scale  1  -2.5051499783  0  -2.9190780924  0  -2.8573324964  0  -2.9138138524
247  not  1  -2.5051499783  0  -2.9190780924  0  -2.8573324964  0  -2.9138138524
248  limit  0  -2.9822712330  1  -2.4419568377  0  -2.8573324964  0  -2.9138138524
249  bible  0  -2.9822712330  0  -2.9190780924  1  -2.3802112417  0  -2.9138138524
250  start  1  -2.5051499783  0  -2.9190780924  0  -2.8573324964  0  -2.9138138524
251  employer  0  -2.9822712330  1  -2.4419568377  0  -2.8573324964  0  -2.9138138524
252  hundred  1  -2.5051499783  0  -2.9190780924  0  -2.8573324964  0  -2.9138138524
253  solve  1  -2.5051499783  0  -2.9190780924  0  -2.8573324964  0  -2.9138138524
254  index  0  -2.9822712330  0  -2.9190780924  1  -2.3802112417  0  -2.9138138524
255  binance  0  -2.9822712330  0  -2.9190780924  1  -2.3802112417  0  -2.9138138524
256  weird  1  -2.5051499783  0  -2.9190780924  0  -2.8573324964  0  -2.9138138524
257  desktop  0  -2.9822712330  0  -2.9190780924  0  -2.8573324964  1  0.0005293047
258  really  0  -2.9822712330  1  -2.4419568377  0  -2.8573324964  0  -2.9138138524
259  xrp  0  -2.9822712330  0  -2.9190780924  1  -2.3802112417  0  -2.9138138524
260  web demo  0  -2.9822712330  1  -2.4419568377  0  -2.8573324964  0  -2.9138138524
261  employee  0  -2.9822712330  0  -2.9190780924  0  -2.8573324964  1  0.0005293047
262  perform  0  -2.9822712330  1  -2.4419568377  0  -2.8573324964  0  -2.9138138524
263  hire  0  -2.9822712330  0  -2.9190780924  1  -2.3802112417  0  -2.9138138524
264  people  1  -2.5051499783  0  -2.9190780924  0  -2.8573324964  0  -2.9138138524
265  consult  0  -2.9822712330  1  -2.4419568377  0  -2.8573324964  0  -2.9138138524
266  athena  0  -2.9822712330  0  -2.9190780924  1  -2.3802112417  0  -2.9138138524
267  most  1  -2.5051499783  0  -2.9190780924  0  -2.8573324964  0  -2.9138138524
268  ash  1  -2.5051499783  0  -2.9190780924  0  -2.8573324964  0  -2.9138138524
